/*--------------------------------*- C++ -*----------------------------------*\
  =========                 |
  \\      /  F ield         | OpenFOAM: The Open Source CFD Toolbox
   \\    /   O peration     | Website:  https://openfoam.org
    \\  /    A nd           | Version:  10
     \\/     M anipulation  |
\*---------------------------------------------------------------------------*/
FoamFile
{
    format      ascii;
    class       faceSet;
    location    "constant/polyMesh/sets";
    object      wrongFaces;
}
// * * * * * * * * * * * * * * * * * * * * * * * * * * * * * * * * * * * * * //


232
(
6656 
2049 
2050 
6146 
2051 
6147 
6148 
6149 
6661 
6662 
6663 
6155 
6675 
6676 
6165 
6677 
6166 
6167 
6168 
6179 
6180 
6181 
6182 
6198 
6199 
6200 
6201 
4156 
4157 
4158 
4159 
4162 
4163 
4164 
4165 
6726 
6727 
6728 
6740 
6741 
6742 
6240 
3710 
3711 
3712 
3713 
6287 
6288 
6289 
6290 
3733 
3734 
3735 
3736 
6301 
6302 
6303 
6304 
2252 
2253 
2254 
2255 
2262 
6370 
3305 
3306 
3307 
6379 
3308 
6394 
6911 
6912 
6913 
6920 
6921 
6922 
6413 
1806 
1807 
1808 
1809 
1811 
1812 
1813 
1814 
1816 
1817 
1818 
1819 
1821 
1822 
6430 
1823 
6431 
1824 
6432 
6950 
6951 
6952 
6444 
6445 
6446 
6959 
6960 
6961 
6451 
6463 
6464 
6465 
6466 
6471 
6482 
6483 
6484 
6485 
6490 
3932 
3933 
3934 
3935 
6499 
3943 
3948 
6508 
3949 
3950 
7023 
7024 
7025 
3953 
3954 
3955 
3956 
7034 
6522 
7035 
6523 
7036 
6524 
7046 
7047 
6535 
7048 
6536 
6537 
6538 
6544 
6037 
6038 
6039 
6040 
6555 
6556 
6557 
6558 
6052 
6564 
6053 
6054 
6055 
6057 
2474 
6058 
6059 
6060 
2479 
6577 
3506 
6578 
6579 
2484 
6580 
2485 
2486 
3511 
3512 
6072 
3513 
6073 
6074 
6075 
6589 
6595 
6596 
6597 
6086 
6598 
6087 
6088 
6089 
6091 
6092 
6093 
6094 
6609 
6610 
6611 
6614 
6615 
6104 
6616 
6617 
2015 
6624 
6625 
6626 
2019 
2020 
2021 
6118 
6119 
6120 
6632 
6121 
6633 
6634 
6123 
6635 
2028 
2029 
2030 
2031 
2035 
2036 
6644 
2037 
6645 
2038 
6646 
2044 
6654 
6655 
)

// ************************************************************************* //
