/*--------------------------------*- C++ -*----------------------------------*\
  =========                 |
  \\      /  F ield         | OpenFOAM: The Open Source CFD Toolbox
   \\    /   O peration     | Website:  https://openfoam.org
    \\  /    A nd           | Version:  10
     \\/     M anipulation  |
\*---------------------------------------------------------------------------*/
FoamFile
{
    format      ascii;
    class       labelList;
    note        "nPoints: 7161 nCells: 6000 nFaces: 19100 nInternalFaces: 16900";
    location    "constant/polyMesh";
    object      neighbour;
}
// * * * * * * * * * * * * * * * * * * * * * * * * * * * * * * * * * * * * * //


16900
(
1
30
600
2
31
601
3
32
602
4
33
603
5
34
604
6
35
605
7
36
606
8
37
607
9
38
608
10
39
609
11
40
610
12
41
611
13
42
612
14
43
613
15
44
614
16
45
615
17
46
616
18
47
617
19
48
618
20
49
619
21
50
620
22
51
621
23
52
622
24
53
623
25
54
624
26
55
625
27
56
626
28
57
627
29
58
628
59
629
31
60
630
32
61
631
33
62
632
34
63
633
35
64
634
36
65
635
37
66
636
38
67
637
39
68
638
40
69
639
41
70
640
42
71
641
43
72
642
44
73
643
45
74
644
46
75
645
47
76
646
48
77
647
49
78
648
50
79
649
51
80
650
52
81
651
53
82
652
54
83
653
55
84
654
56
85
655
57
86
656
58
87
657
59
88
658
89
659
61
90
660
62
91
661
63
92
662
64
93
663
65
94
664
66
95
665
67
96
666
68
97
667
69
98
668
70
99
669
71
100
670
72
101
671
73
102
672
74
103
673
75
104
674
76
105
675
77
106
676
78
107
677
79
108
678
80
109
679
81
110
680
82
111
681
83
112
682
84
113
683
85
114
684
86
115
685
87
116
686
88
117
687
89
118
688
119
689
91
120
690
92
121
691
93
122
692
94
123
693
95
124
694
96
125
695
97
126
696
98
127
697
99
128
698
100
129
699
101
130
700
102
131
701
103
132
702
104
133
703
105
134
704
106
135
705
107
136
706
108
137
707
109
138
708
110
139
709
111
140
710
112
141
711
113
142
712
114
143
713
115
144
714
116
145
715
117
146
716
118
147
717
119
148
718
149
719
121
150
720
122
151
721
123
152
722
124
153
723
125
154
724
126
155
725
127
156
726
128
157
727
129
158
728
130
159
729
131
160
730
132
161
731
133
162
732
134
163
733
135
164
734
136
165
735
137
166
736
138
167
737
139
168
738
140
169
739
141
170
740
142
171
741
143
172
742
144
173
743
145
174
744
146
175
745
147
176
746
148
177
747
149
178
748
179
749
151
180
750
152
181
751
153
182
752
154
183
753
155
184
754
156
185
755
157
186
756
158
187
757
159
188
758
160
189
759
161
190
760
162
191
761
163
192
762
164
193
763
165
194
764
166
195
765
167
196
766
168
197
767
169
198
768
170
199
769
171
200
770
172
201
771
173
202
772
174
203
773
175
204
774
176
205
775
177
206
776
178
207
777
179
208
778
209
779
181
210
780
182
211
781
183
212
782
184
213
783
185
214
784
186
215
785
187
216
786
188
217
787
189
218
788
190
219
789
191
220
790
192
221
791
193
222
792
194
223
793
195
224
794
196
225
795
197
226
796
198
227
797
199
228
798
200
229
799
201
230
800
202
231
801
203
232
802
204
233
803
205
234
804
206
235
805
207
236
806
208
237
807
209
238
808
239
809
211
240
810
212
241
811
213
242
812
214
243
813
215
244
814
216
245
815
217
246
816
218
247
817
219
248
818
220
249
819
221
250
820
222
251
821
223
252
822
224
253
823
225
254
824
226
255
825
227
256
826
228
257
827
229
258
828
230
259
829
231
260
830
232
261
831
233
262
832
234
263
833
235
264
834
236
265
835
237
266
836
238
267
837
239
268
838
269
839
241
270
840
242
271
841
243
272
842
244
273
843
245
274
844
246
275
845
247
276
846
248
277
847
249
278
848
250
279
849
251
280
850
252
281
851
253
282
852
254
283
853
255
284
854
256
285
855
257
286
856
258
287
857
259
288
858
260
289
859
261
290
860
262
291
861
263
292
862
264
293
863
265
294
864
266
295
865
267
296
866
268
297
867
269
298
868
299
869
271
300
870
272
301
871
273
302
872
274
303
873
275
304
874
276
305
875
277
306
876
278
307
877
279
308
878
280
309
879
281
310
880
282
311
881
283
312
882
284
313
883
285
314
884
286
315
885
287
316
886
288
317
887
289
318
888
290
319
889
291
320
890
292
321
891
293
322
892
294
323
893
295
324
894
296
325
895
297
326
896
298
327
897
299
328
898
329
899
301
330
900
302
331
901
303
332
902
304
333
903
305
334
904
306
335
905
307
336
906
308
337
907
309
338
908
310
339
909
311
340
910
312
341
911
313
342
912
314
343
913
315
344
914
316
345
915
317
346
916
318
347
917
319
348
918
320
349
919
321
350
920
322
351
921
323
352
922
324
353
923
325
354
924
326
355
925
327
356
926
328
357
927
329
358
928
359
929
331
360
930
332
361
931
333
362
932
334
363
933
335
364
934
336
365
935
337
366
936
338
367
937
339
368
938
340
369
939
341
370
940
342
371
941
343
372
942
344
373
943
345
374
944
346
375
945
347
376
946
348
377
947
349
378
948
350
379
949
351
380
950
352
381
951
353
382
952
354
383
953
355
384
954
356
385
955
357
386
956
358
387
957
359
388
958
389
959
361
390
960
362
391
961
363
392
962
364
393
963
365
394
964
366
395
965
367
396
966
368
397
967
369
398
968
370
399
969
371
400
970
372
401
971
373
402
972
374
403
973
375
404
974
376
405
975
377
406
976
378
407
977
379
408
978
380
409
979
381
410
980
382
411
981
383
412
982
384
413
983
385
414
984
386
415
985
387
416
986
388
417
987
389
418
988
419
989
391
420
990
392
421
991
393
422
992
394
423
993
395
424
994
396
425
995
397
426
996
398
427
997
399
428
998
400
429
999
401
430
1000
402
431
1001
403
432
1002
404
433
1003
405
434
1004
406
435
1005
407
436
1006
408
437
1007
409
438
1008
410
439
1009
411
440
1010
412
441
1011
413
442
1012
414
443
1013
415
444
1014
416
445
1015
417
446
1016
418
447
1017
419
448
1018
449
1019
421
450
1020
422
451
1021
423
452
1022
424
453
1023
425
454
1024
426
455
1025
427
456
1026
428
457
1027
429
458
1028
430
459
1029
431
460
1030
432
461
1031
433
462
1032
434
463
1033
435
464
1034
436
465
1035
437
466
1036
438
467
1037
439
468
1038
440
469
1039
441
470
1040
442
471
1041
443
472
1042
444
473
1043
445
474
1044
446
475
1045
447
476
1046
448
477
1047
449
478
1048
479
1049
451
480
1050
452
481
1051
453
482
1052
454
483
1053
455
484
1054
456
485
1055
457
486
1056
458
487
1057
459
488
1058
460
489
1059
461
490
1060
462
491
1061
463
492
1062
464
493
1063
465
494
1064
466
495
1065
467
496
1066
468
497
1067
469
498
1068
470
499
1069
471
500
1070
472
501
1071
473
502
1072
474
503
1073
475
504
1074
476
505
1075
477
506
1076
478
507
1077
479
508
1078
509
1079
481
510
1080
482
511
1081
483
512
1082
484
513
1083
485
514
1084
486
515
1085
487
516
1086
488
517
1087
489
518
1088
490
519
1089
491
520
1090
492
521
1091
493
522
1092
494
523
1093
495
524
1094
496
525
1095
497
526
1096
498
527
1097
499
528
1098
500
529
1099
501
530
1100
502
531
1101
503
532
1102
504
533
1103
505
534
1104
506
535
1105
507
536
1106
508
537
1107
509
538
1108
539
1109
511
540
1110
512
541
1111
513
542
1112
514
543
1113
515
544
1114
516
545
1115
517
546
1116
518
547
1117
519
548
1118
520
549
1119
521
550
1120
522
551
1121
523
552
1122
524
553
1123
525
554
1124
526
555
1125
527
556
1126
528
557
1127
529
558
1128
530
559
1129
531
560
1130
532
561
1131
533
562
1132
534
563
1133
535
564
1134
536
565
1135
537
566
1136
538
567
1137
539
568
1138
569
1139
541
570
1140
542
571
1141
543
572
1142
544
573
1143
545
574
1144
546
575
1145
547
576
1146
548
577
1147
549
578
1148
550
579
1149
551
580
1150
552
581
1151
553
582
1152
554
583
1153
555
584
1154
556
585
1155
557
586
1156
558
587
1157
559
588
1158
560
589
1159
561
590
1160
562
591
1161
563
592
1162
564
593
1163
565
594
1164
566
595
1165
567
596
1166
568
597
1167
569
598
1168
599
1169
571
1170
572
1171
573
1172
574
1173
575
1174
576
1175
577
1176
578
1177
579
1178
580
1179
581
1180
582
1181
583
1182
584
1183
585
1184
586
1185
587
1186
588
1187
589
1188
590
1189
591
1190
592
1191
593
1192
594
1193
595
1194
596
1195
597
1196
598
1197
599
1198
1199
601
630
1200
602
631
1201
603
632
1202
604
633
1203
605
634
1204
606
635
1205
607
636
1206
608
637
1207
609
638
1208
610
639
1209
611
640
1210
612
641
1211
613
642
1212
614
643
1213
615
644
1214
616
645
1215
617
646
1216
618
647
1217
619
648
1218
620
649
1219
621
650
1220
622
651
1221
623
652
1222
624
653
1223
625
654
1224
626
655
1225
627
656
1226
628
657
1227
629
658
1228
659
1229
631
660
1230
632
661
1231
633
662
1232
634
663
1233
635
664
1234
636
665
1235
637
666
1236
638
667
1237
639
668
1238
640
669
1239
641
670
1240
642
671
1241
643
672
1242
644
673
1243
645
674
1244
646
675
1245
647
676
1246
648
677
1247
649
678
1248
650
679
1249
651
680
1250
652
681
1251
653
682
1252
654
683
1253
655
684
1254
656
685
1255
657
686
1256
658
687
1257
659
688
1258
689
1259
661
690
1260
662
691
1261
663
692
1262
664
693
1263
665
694
1264
666
695
1265
667
696
1266
668
697
1267
669
698
1268
670
699
1269
671
700
1270
672
701
1271
673
702
1272
674
703
1273
675
704
1274
676
705
1275
677
706
1276
678
707
1277
679
708
1278
680
709
1279
681
710
1280
682
711
1281
683
712
1282
684
713
1283
685
714
1284
686
715
1285
687
716
1286
688
717
1287
689
718
1288
719
1289
691
720
1290
692
721
1291
693
722
1292
694
723
1293
695
724
1294
696
725
1295
697
726
1296
698
727
1297
699
728
1298
700
729
1299
701
730
1300
702
731
1301
703
732
1302
704
733
1303
705
734
1304
706
735
1305
707
736
1306
708
737
1307
709
738
1308
710
739
1309
711
740
1310
712
741
1311
713
742
1312
714
743
1313
715
744
1314
716
745
1315
717
746
1316
718
747
1317
719
748
1318
749
1319
721
750
1320
722
751
1321
723
752
1322
724
753
1323
725
754
1324
726
755
1325
727
756
1326
728
757
1327
729
758
1328
730
759
1329
731
760
1330
732
761
1331
733
762
1332
734
763
1333
735
764
1334
736
765
1335
737
766
1336
738
767
1337
739
768
1338
740
769
1339
741
770
1340
742
771
1341
743
772
1342
744
773
1343
745
774
1344
746
775
1345
747
776
1346
748
777
1347
749
778
1348
779
1349
751
780
1350
752
781
1351
753
782
1352
754
783
1353
755
784
1354
756
785
1355
757
786
1356
758
787
1357
759
788
1358
760
789
1359
761
790
1360
762
791
1361
763
792
1362
764
793
1363
765
794
1364
766
795
1365
767
796
1366
768
797
1367
769
798
1368
770
799
1369
771
800
1370
772
801
1371
773
802
1372
774
803
1373
775
804
1374
776
805
1375
777
806
1376
778
807
1377
779
808
1378
809
1379
781
810
1380
782
811
1381
783
812
1382
784
813
1383
785
814
1384
786
815
1385
787
816
1386
788
817
1387
789
818
1388
790
819
1389
791
820
1390
792
821
1391
793
822
1392
794
823
1393
795
824
1394
796
825
1395
797
826
1396
798
827
1397
799
828
1398
800
829
1399
801
830
1400
802
831
1401
803
832
1402
804
833
1403
805
834
1404
806
835
1405
807
836
1406
808
837
1407
809
838
1408
839
1409
811
840
1410
812
841
1411
813
842
1412
814
843
1413
815
844
1414
816
845
1415
817
846
1416
818
847
1417
819
848
1418
820
849
1419
821
850
1420
822
851
1421
823
852
1422
824
853
1423
825
854
1424
826
855
1425
827
856
1426
828
857
1427
829
858
1428
830
859
1429
831
860
1430
832
861
1431
833
862
1432
834
863
1433
835
864
1434
836
865
1435
837
866
1436
838
867
1437
839
868
1438
869
1439
841
870
1440
842
871
1441
843
872
1442
844
873
1443
845
874
1444
846
875
1445
847
876
1446
848
877
1447
849
878
1448
850
879
1449
851
880
1450
852
881
1451
853
882
1452
854
883
1453
855
884
1454
856
885
1455
857
886
1456
858
887
1457
859
888
1458
860
889
1459
861
890
1460
862
891
1461
863
892
1462
864
893
1463
865
894
1464
866
895
1465
867
896
1466
868
897
1467
869
898
1468
899
1469
871
900
1470
872
901
1471
873
902
1472
874
903
1473
875
904
1474
876
905
1475
877
906
1476
878
907
1477
879
908
1478
880
909
1479
881
910
1480
882
911
1481
883
912
1482
884
913
1483
885
914
1484
886
915
1485
887
916
1486
888
917
1487
889
918
1488
890
919
1489
891
920
1490
892
921
1491
893
922
1492
894
923
1493
895
924
1494
896
925
1495
897
926
1496
898
927
1497
899
928
1498
929
1499
901
930
1500
902
931
1501
903
932
1502
904
933
1503
905
934
1504
906
935
1505
907
936
1506
908
937
1507
909
938
1508
910
939
1509
911
940
1510
912
941
1511
913
942
1512
914
943
1513
915
944
1514
916
945
1515
917
946
1516
918
947
1517
919
948
1518
920
949
1519
921
950
1520
922
951
1521
923
952
1522
924
953
1523
925
954
1524
926
955
1525
927
956
1526
928
957
1527
929
958
1528
959
1529
931
960
1530
932
961
1531
933
962
1532
934
963
1533
935
964
1534
936
965
1535
937
966
1536
938
967
1537
939
968
1538
940
969
1539
941
970
1540
942
971
1541
943
972
1542
944
973
1543
945
974
1544
946
975
1545
947
976
1546
948
977
1547
949
978
1548
950
979
1549
951
980
1550
952
981
1551
953
982
1552
954
983
1553
955
984
1554
956
985
1555
957
986
1556
958
987
1557
959
988
1558
989
1559
961
990
1560
962
991
1561
963
992
1562
964
993
1563
965
994
1564
966
995
1565
967
996
1566
968
997
1567
969
998
1568
970
999
1569
971
1000
1570
972
1001
1571
973
1002
1572
974
1003
1573
975
1004
1574
976
1005
1575
977
1006
1576
978
1007
1577
979
1008
1578
980
1009
1579
981
1010
1580
982
1011
1581
983
1012
1582
984
1013
1583
985
1014
1584
986
1015
1585
987
1016
1586
988
1017
1587
989
1018
1588
1019
1589
991
1020
1590
992
1021
1591
993
1022
1592
994
1023
1593
995
1024
1594
996
1025
1595
997
1026
1596
998
1027
1597
999
1028
1598
1000
1029
1599
1001
1030
1600
1002
1031
1601
1003
1032
1602
1004
1033
1603
1005
1034
1604
1006
1035
1605
1007
1036
1606
1008
1037
1607
1009
1038
1608
1010
1039
1609
1011
1040
1610
1012
1041
1611
1013
1042
1612
1014
1043
1613
1015
1044
1614
1016
1045
1615
1017
1046
1616
1018
1047
1617
1019
1048
1618
1049
1619
1021
1050
1620
1022
1051
1621
1023
1052
1622
1024
1053
1623
1025
1054
1624
1026
1055
1625
1027
1056
1626
1028
1057
1627
1029
1058
1628
1030
1059
1629
1031
1060
1630
1032
1061
1631
1033
1062
1632
1034
1063
1633
1035
1064
1634
1036
1065
1635
1037
1066
1636
1038
1067
1637
1039
1068
1638
1040
1069
1639
1041
1070
1640
1042
1071
1641
1043
1072
1642
1044
1073
1643
1045
1074
1644
1046
1075
1645
1047
1076
1646
1048
1077
1647
1049
1078
1648
1079
1649
1051
1080
1650
1052
1081
1651
1053
1082
1652
1054
1083
1653
1055
1084
1654
1056
1085
1655
1057
1086
1656
1058
1087
1657
1059
1088
1658
1060
1089
1659
1061
1090
1660
1062
1091
1661
1063
1092
1662
1064
1093
1663
1065
1094
1664
1066
1095
1665
1067
1096
1666
1068
1097
1667
1069
1098
1668
1070
1099
1669
1071
1100
1670
1072
1101
1671
1073
1102
1672
1074
1103
1673
1075
1104
1674
1076
1105
1675
1077
1106
1676
1078
1107
1677
1079
1108
1678
1109
1679
1081
1110
1680
1082
1111
1681
1083
1112
1682
1084
1113
1683
1085
1114
1684
1086
1115
1685
1087
1116
1686
1088
1117
1687
1089
1118
1688
1090
1119
1689
1091
1120
1690
1092
1121
1691
1093
1122
1692
1094
1123
1693
1095
1124
1694
1096
1125
1695
1097
1126
1696
1098
1127
1697
1099
1128
1698
1100
1129
1699
1101
1130
1700
1102
1131
1701
1103
1132
1702
1104
1133
1703
1105
1134
1704
1106
1135
1705
1107
1136
1706
1108
1137
1707
1109
1138
1708
1139
1709
1111
1140
1710
1112
1141
1711
1113
1142
1712
1114
1143
1713
1115
1144
1714
1116
1145
1715
1117
1146
1716
1118
1147
1717
1119
1148
1718
1120
1149
1719
1121
1150
1720
1122
1151
1721
1123
1152
1722
1124
1153
1723
1125
1154
1724
1126
1155
1725
1127
1156
1726
1128
1157
1727
1129
1158
1728
1130
1159
1729
1131
1160
1730
1132
1161
1731
1133
1162
1732
1134
1163
1733
1135
1164
1734
1136
1165
1735
1137
1166
1736
1138
1167
1737
1139
1168
1738
1169
1739
1141
1170
1740
1142
1171
1741
1143
1172
1742
1144
1173
1743
1145
1174
1744
1146
1175
1745
1147
1176
1746
1148
1177
1747
1149
1178
1748
1150
1179
1749
1151
1180
1750
1152
1181
1751
1153
1182
1752
1154
1183
1753
1155
1184
1754
1156
1185
1755
1157
1186
1756
1158
1187
1757
1159
1188
1758
1160
1189
1759
1161
1190
1760
1162
1191
1761
1163
1192
1762
1164
1193
1763
1165
1194
1764
1166
1195
1765
1167
1196
1766
1168
1197
1767
1169
1198
1768
1199
1769
1171
1770
1172
1771
1173
1772
1174
1773
1175
1774
1176
1775
1177
1776
1178
1777
1179
1778
1180
1779
1181
1780
1182
1781
1183
1782
1184
1783
1185
1784
1186
1785
1187
1786
1188
1787
1189
1788
1190
1789
1191
1790
1192
1791
1193
1792
1194
1793
1195
1794
1196
1795
1197
1796
1198
1797
1199
1798
1799
1201
1230
1800
1202
1231
1801
1203
1232
1802
1204
1233
1803
1205
1234
1804
1206
1235
1805
1207
1236
1806
1208
1237
1807
1209
1238
1808
1210
1239
1809
1211
1240
1810
1212
1241
1811
1213
1242
1812
1214
1243
1813
1215
1244
1814
1216
1245
1815
1217
1246
1816
1218
1247
1817
1219
1248
1818
1220
1249
1819
1221
1250
1820
1222
1251
1821
1223
1252
1822
1224
1253
1823
1225
1254
1824
1226
1255
1825
1227
1256
1826
1228
1257
1827
1229
1258
1828
1259
1829
1231
1260
1830
1232
1261
1831
1233
1262
1832
1234
1263
1833
1235
1264
1834
1236
1265
1835
1237
1266
1836
1238
1267
1837
1239
1268
1838
1240
1269
1839
1241
1270
1840
1242
1271
1841
1243
1272
1842
1244
1273
1843
1245
1274
1844
1246
1275
1845
1247
1276
1846
1248
1277
1847
1249
1278
1848
1250
1279
1849
1251
1280
1850
1252
1281
1851
1253
1282
1852
1254
1283
1853
1255
1284
1854
1256
1285
1855
1257
1286
1856
1258
1287
1857
1259
1288
1858
1289
1859
1261
1290
1860
1262
1291
1861
1263
1292
1862
1264
1293
1863
1265
1294
1864
1266
1295
1865
1267
1296
1866
1268
1297
1867
1269
1298
1868
1270
1299
1869
1271
1300
1870
1272
1301
1871
1273
1302
1872
1274
1303
1873
1275
1304
1874
1276
1305
1875
1277
1306
1876
1278
1307
1877
1279
1308
1878
1280
1309
1879
1281
1310
1880
1282
1311
1881
1283
1312
1882
1284
1313
1883
1285
1314
1884
1286
1315
1885
1287
1316
1886
1288
1317
1887
1289
1318
1888
1319
1889
1291
1320
1890
1292
1321
1891
1293
1322
1892
1294
1323
1893
1295
1324
1894
1296
1325
1895
1297
1326
1896
1298
1327
1897
1299
1328
1898
1300
1329
1899
1301
1330
1900
1302
1331
1901
1303
1332
1902
1304
1333
1903
1305
1334
1904
1306
1335
1905
1307
1336
1906
1308
1337
1907
1309
1338
1908
1310
1339
1909
1311
1340
1910
1312
1341
1911
1313
1342
1912
1314
1343
1913
1315
1344
1914
1316
1345
1915
1317
1346
1916
1318
1347
1917
1319
1348
1918
1349
1919
1321
1350
1920
1322
1351
1921
1323
1352
1922
1324
1353
1923
1325
1354
1924
1326
1355
1925
1327
1356
1926
1328
1357
1927
1329
1358
1928
1330
1359
1929
1331
1360
1930
1332
1361
1931
1333
1362
1932
1334
1363
1933
1335
1364
1934
1336
1365
1935
1337
1366
1936
1338
1367
1937
1339
1368
1938
1340
1369
1939
1341
1370
1940
1342
1371
1941
1343
1372
1942
1344
1373
1943
1345
1374
1944
1346
1375
1945
1347
1376
1946
1348
1377
1947
1349
1378
1948
1379
1949
1351
1380
1950
1352
1381
1951
1353
1382
1952
1354
1383
1953
1355
1384
1954
1356
1385
1955
1357
1386
1956
1358
1387
1957
1359
1388
1958
1360
1389
1959
1361
1390
1960
1362
1391
1961
1363
1392
1962
1364
1393
1963
1365
1394
1964
1366
1395
1965
1367
1396
1966
1368
1397
1967
1369
1398
1968
1370
1399
1969
1371
1400
1970
1372
1401
1971
1373
1402
1972
1374
1403
1973
1375
1404
1974
1376
1405
1975
1377
1406
1976
1378
1407
1977
1379
1408
1978
1409
1979
1381
1410
1980
1382
1411
1981
1383
1412
1982
1384
1413
1983
1385
1414
1984
1386
1415
1985
1387
1416
1986
1388
1417
1987
1389
1418
1988
1390
1419
1989
1391
1420
1990
1392
1421
1991
1393
1422
1992
1394
1423
1993
1395
1424
1994
1396
1425
1995
1397
1426
1996
1398
1427
1997
1399
1428
1998
1400
1429
1999
1401
1430
2000
1402
1431
2001
1403
1432
2002
1404
1433
2003
1405
1434
2004
1406
1435
2005
1407
1436
2006
1408
1437
2007
1409
1438
2008
1439
2009
1411
1440
2010
1412
1441
2011
1413
1442
2012
1414
1443
2013
1415
1444
2014
1416
1445
2015
1417
1446
2016
1418
1447
2017
1419
1448
2018
1420
1449
2019
1421
1450
2020
1422
1451
2021
1423
1452
2022
1424
1453
2023
1425
1454
2024
1426
1455
2025
1427
1456
2026
1428
1457
2027
1429
1458
2028
1430
1459
2029
1431
1460
2030
1432
1461
2031
1433
1462
2032
1434
1463
2033
1435
1464
2034
1436
1465
2035
1437
1466
2036
1438
1467
2037
1439
1468
2038
1469
2039
1441
1470
2040
1442
1471
2041
1443
1472
2042
1444
1473
2043
1445
1474
2044
1446
1475
2045
1447
1476
2046
1448
1477
2047
1449
1478
2048
1450
1479
2049
1451
1480
2050
1452
1481
2051
1453
1482
2052
1454
1483
2053
1455
1484
2054
1456
1485
2055
1457
1486
2056
1458
1487
2057
1459
1488
2058
1460
1489
2059
1461
1490
2060
1462
1491
2061
1463
1492
2062
1464
1493
2063
1465
1494
2064
1466
1495
2065
1467
1496
2066
1468
1497
2067
1469
1498
2068
1499
2069
1471
1500
2070
1472
1501
2071
1473
1502
2072
1474
1503
2073
1475
1504
2074
1476
1505
2075
1477
1506
2076
1478
1507
2077
1479
1508
2078
1480
1509
2079
1481
1510
2080
1482
1511
2081
1483
1512
2082
1484
1513
2083
1485
1514
2084
1486
1515
2085
1487
1516
2086
1488
1517
2087
1489
1518
2088
1490
1519
2089
1491
1520
2090
1492
1521
2091
1493
1522
2092
1494
1523
2093
1495
1524
2094
1496
1525
2095
1497
1526
2096
1498
1527
2097
1499
1528
2098
1529
2099
1501
1530
2100
1502
1531
2101
1503
1532
2102
1504
1533
2103
1505
1534
2104
1506
1535
2105
1507
1536
2106
1508
1537
2107
1509
1538
2108
1510
1539
2109
1511
1540
2110
1512
1541
2111
1513
1542
2112
1514
1543
2113
1515
1544
2114
1516
1545
2115
1517
1546
2116
1518
1547
2117
1519
1548
2118
1520
1549
2119
1521
1550
2120
1522
1551
2121
1523
1552
2122
1524
1553
2123
1525
1554
2124
1526
1555
2125
1527
1556
2126
1528
1557
2127
1529
1558
2128
1559
2129
1531
1560
2130
1532
1561
2131
1533
1562
2132
1534
1563
2133
1535
1564
2134
1536
1565
2135
1537
1566
2136
1538
1567
2137
1539
1568
2138
1540
1569
2139
1541
1570
2140
1542
1571
2141
1543
1572
2142
1544
1573
2143
1545
1574
2144
1546
1575
2145
1547
1576
2146
1548
1577
2147
1549
1578
2148
1550
1579
2149
1551
1580
2150
1552
1581
2151
1553
1582
2152
1554
1583
2153
1555
1584
2154
1556
1585
2155
1557
1586
2156
1558
1587
2157
1559
1588
2158
1589
2159
1561
1590
2160
1562
1591
2161
1563
1592
2162
1564
1593
2163
1565
1594
2164
1566
1595
2165
1567
1596
2166
1568
1597
2167
1569
1598
2168
1570
1599
2169
1571
1600
2170
1572
1601
2171
1573
1602
2172
1574
1603
2173
1575
1604
2174
1576
1605
2175
1577
1606
2176
1578
1607
2177
1579
1608
2178
1580
1609
2179
1581
1610
2180
1582
1611
2181
1583
1612
2182
1584
1613
2183
1585
1614
2184
1586
1615
2185
1587
1616
2186
1588
1617
2187
1589
1618
2188
1619
2189
1591
1620
2190
1592
1621
2191
1593
1622
2192
1594
1623
2193
1595
1624
2194
1596
1625
2195
1597
1626
2196
1598
1627
2197
1599
1628
2198
1600
1629
2199
1601
1630
2200
1602
1631
2201
1603
1632
2202
1604
1633
2203
1605
1634
2204
1606
1635
2205
1607
1636
2206
1608
1637
2207
1609
1638
2208
1610
1639
2209
1611
1640
2210
1612
1641
2211
1613
1642
2212
1614
1643
2213
1615
1644
2214
1616
1645
2215
1617
1646
2216
1618
1647
2217
1619
1648
2218
1649
2219
1621
1650
2220
1622
1651
2221
1623
1652
2222
1624
1653
2223
1625
1654
2224
1626
1655
2225
1627
1656
2226
1628
1657
2227
1629
1658
2228
1630
1659
2229
1631
1660
2230
1632
1661
2231
1633
1662
2232
1634
1663
2233
1635
1664
2234
1636
1665
2235
1637
1666
2236
1638
1667
2237
1639
1668
2238
1640
1669
2239
1641
1670
2240
1642
1671
2241
1643
1672
2242
1644
1673
2243
1645
1674
2244
1646
1675
2245
1647
1676
2246
1648
1677
2247
1649
1678
2248
1679
2249
1651
1680
2250
1652
1681
2251
1653
1682
2252
1654
1683
2253
1655
1684
2254
1656
1685
2255
1657
1686
2256
1658
1687
2257
1659
1688
2258
1660
1689
2259
1661
1690
2260
1662
1691
2261
1663
1692
2262
1664
1693
2263
1665
1694
2264
1666
1695
2265
1667
1696
2266
1668
1697
2267
1669
1698
2268
1670
1699
2269
1671
1700
2270
1672
1701
2271
1673
1702
2272
1674
1703
2273
1675
1704
2274
1676
1705
2275
1677
1706
2276
1678
1707
2277
1679
1708
2278
1709
2279
1681
1710
2280
1682
1711
2281
1683
1712
2282
1684
1713
2283
1685
1714
2284
1686
1715
2285
1687
1716
2286
1688
1717
2287
1689
1718
2288
1690
1719
2289
1691
1720
2290
1692
1721
2291
1693
1722
2292
1694
1723
2293
1695
1724
2294
1696
1725
2295
1697
1726
2296
1698
1727
2297
1699
1728
2298
1700
1729
2299
1701
1730
2300
1702
1731
2301
1703
1732
2302
1704
1733
2303
1705
1734
2304
1706
1735
2305
1707
1736
2306
1708
1737
2307
1709
1738
2308
1739
2309
1711
1740
2310
1712
1741
2311
1713
1742
2312
1714
1743
2313
1715
1744
2314
1716
1745
2315
1717
1746
2316
1718
1747
2317
1719
1748
2318
1720
1749
2319
1721
1750
2320
1722
1751
2321
1723
1752
2322
1724
1753
2323
1725
1754
2324
1726
1755
2325
1727
1756
2326
1728
1757
2327
1729
1758
2328
1730
1759
2329
1731
1760
2330
1732
1761
2331
1733
1762
2332
1734
1763
2333
1735
1764
2334
1736
1765
2335
1737
1766
2336
1738
1767
2337
1739
1768
2338
1769
2339
1741
1770
2340
1742
1771
2341
1743
1772
2342
1744
1773
2343
1745
1774
2344
1746
1775
2345
1747
1776
2346
1748
1777
2347
1749
1778
2348
1750
1779
2349
1751
1780
2350
1752
1781
2351
1753
1782
2352
1754
1783
2353
1755
1784
2354
1756
1785
2355
1757
1786
2356
1758
1787
2357
1759
1788
2358
1760
1789
2359
1761
1790
2360
1762
1791
2361
1763
1792
2362
1764
1793
2363
1765
1794
2364
1766
1795
2365
1767
1796
2366
1768
1797
2367
1769
1798
2368
1799
2369
1771
2370
1772
2371
1773
2372
1774
2373
1775
2374
1776
2375
1777
2376
1778
2377
1779
2378
1780
2379
1781
2380
1782
2381
1783
2382
1784
2383
1785
2384
1786
2385
1787
2386
1788
2387
1789
2388
1790
2389
1791
2390
1792
2391
1793
2392
1794
2393
1795
2394
1796
2395
1797
2396
1798
2397
1799
2398
2399
1801
1830
2400
1802
1831
2401
1803
1832
2402
1804
1833
2403
1805
1834
2404
1806
1835
2405
1807
1836
2406
1808
1837
2407
1809
1838
2408
1810
1839
2409
1811
1840
2410
1812
1841
2411
1813
1842
2412
1814
1843
2413
1815
1844
2414
1816
1845
2415
1817
1846
2416
1818
1847
2417
1819
1848
2418
1820
1849
2419
1821
1850
2420
1822
1851
2421
1823
1852
2422
1824
1853
2423
1825
1854
2424
1826
1855
2425
1827
1856
2426
1828
1857
2427
1829
1858
2428
1859
2429
1831
1860
2430
1832
1861
2431
1833
1862
2432
1834
1863
2433
1835
1864
2434
1836
1865
2435
1837
1866
2436
1838
1867
2437
1839
1868
2438
1840
1869
2439
1841
1870
2440
1842
1871
2441
1843
1872
2442
1844
1873
2443
1845
1874
2444
1846
1875
2445
1847
1876
2446
1848
1877
2447
1849
1878
2448
1850
1879
2449
1851
1880
2450
1852
1881
2451
1853
1882
2452
1854
1883
2453
1855
1884
2454
1856
1885
2455
1857
1886
2456
1858
1887
2457
1859
1888
2458
1889
2459
1861
1890
2460
1862
1891
2461
1863
1892
2462
1864
1893
2463
1865
1894
2464
1866
1895
2465
1867
1896
2466
1868
1897
2467
1869
1898
2468
1870
1899
2469
1871
1900
2470
1872
1901
2471
1873
1902
2472
1874
1903
2473
1875
1904
2474
1876
1905
2475
1877
1906
2476
1878
1907
2477
1879
1908
2478
1880
1909
2479
1881
1910
2480
1882
1911
2481
1883
1912
2482
1884
1913
2483
1885
1914
2484
1886
1915
2485
1887
1916
2486
1888
1917
2487
1889
1918
2488
1919
2489
1891
1920
2490
1892
1921
2491
1893
1922
2492
1894
1923
2493
1895
1924
2494
1896
1925
2495
1897
1926
2496
1898
1927
2497
1899
1928
2498
1900
1929
2499
1901
1930
2500
1902
1931
2501
1903
1932
2502
1904
1933
2503
1905
1934
2504
1906
1935
2505
1907
1936
2506
1908
1937
2507
1909
1938
2508
1910
1939
2509
1911
1940
2510
1912
1941
2511
1913
1942
2512
1914
1943
2513
1915
1944
2514
1916
1945
2515
1917
1946
2516
1918
1947
2517
1919
1948
2518
1949
2519
1921
1950
2520
1922
1951
2521
1923
1952
2522
1924
1953
2523
1925
1954
2524
1926
1955
2525
1927
1956
2526
1928
1957
2527
1929
1958
2528
1930
1959
2529
1931
1960
2530
1932
1961
2531
1933
1962
2532
1934
1963
2533
1935
1964
2534
1936
1965
2535
1937
1966
2536
1938
1967
2537
1939
1968
2538
1940
1969
2539
1941
1970
2540
1942
1971
2541
1943
1972
2542
1944
1973
2543
1945
1974
2544
1946
1975
2545
1947
1976
2546
1948
1977
2547
1949
1978
2548
1979
2549
1951
1980
2550
1952
1981
2551
1953
1982
2552
1954
1983
2553
1955
1984
2554
1956
1985
2555
1957
1986
2556
1958
1987
2557
1959
1988
2558
1960
1989
2559
1961
1990
2560
1962
1991
2561
1963
1992
2562
1964
1993
2563
1965
1994
2564
1966
1995
2565
1967
1996
2566
1968
1997
2567
1969
1998
2568
1970
1999
2569
1971
2000
2570
1972
2001
2571
1973
2002
2572
1974
2003
2573
1975
2004
2574
1976
2005
2575
1977
2006
2576
1978
2007
2577
1979
2008
2578
2009
2579
1981
2010
2580
1982
2011
2581
1983
2012
2582
1984
2013
2583
1985
2014
2584
1986
2015
2585
1987
2016
2586
1988
2017
2587
1989
2018
2588
1990
2019
2589
1991
2020
2590
1992
2021
2591
1993
2022
2592
1994
2023
2593
1995
2024
2594
1996
2025
2595
1997
2026
2596
1998
2027
2597
1999
2028
2598
2000
2029
2599
2001
2030
2600
2002
2031
2601
2003
2032
2602
2004
2033
2603
2005
2034
2604
2006
2035
2605
2007
2036
2606
2008
2037
2607
2009
2038
2608
2039
2609
2011
2040
2610
2012
2041
2611
2013
2042
2612
2014
2043
2613
2015
2044
2614
2016
2045
2615
2017
2046
2616
2018
2047
2617
2019
2048
2618
2020
2049
2619
2021
2050
2620
2022
2051
2621
2023
2052
2622
2024
2053
2623
2025
2054
2624
2026
2055
2625
2027
2056
2626
2028
2057
2627
2029
2058
2628
2030
2059
2629
2031
2060
2630
2032
2061
2631
2033
2062
2632
2034
2063
2633
2035
2064
2634
2036
2065
2635
2037
2066
2636
2038
2067
2637
2039
2068
2638
2069
2639
2041
2070
2640
2042
2071
2641
2043
2072
2642
2044
2073
2643
2045
2074
2644
2046
2075
2645
2047
2076
2646
2048
2077
2647
2049
2078
2648
2050
2079
2649
2051
2080
2650
2052
2081
2651
2053
2082
2652
2054
2083
2653
2055
2084
2654
2056
2085
2655
2057
2086
2656
2058
2087
2657
2059
2088
2658
2060
2089
2659
2061
2090
2660
2062
2091
2661
2063
2092
2662
2064
2093
2663
2065
2094
2664
2066
2095
2665
2067
2096
2666
2068
2097
2667
2069
2098
2668
2099
2669
2071
2100
2670
2072
2101
2671
2073
2102
2672
2074
2103
2673
2075
2104
2674
2076
2105
2675
2077
2106
2676
2078
2107
2677
2079
2108
2678
2080
2109
2679
2081
2110
2680
2082
2111
2681
2083
2112
2682
2084
2113
2683
2085
2114
2684
2086
2115
2685
2087
2116
2686
2088
2117
2687
2089
2118
2688
2090
2119
2689
2091
2120
2690
2092
2121
2691
2093
2122
2692
2094
2123
2693
2095
2124
2694
2096
2125
2695
2097
2126
2696
2098
2127
2697
2099
2128
2698
2129
2699
2101
2130
2700
2102
2131
2701
2103
2132
2702
2104
2133
2703
2105
2134
2704
2106
2135
2705
2107
2136
2706
2108
2137
2707
2109
2138
2708
2110
2139
2709
2111
2140
2710
2112
2141
2711
2113
2142
2712
2114
2143
2713
2115
2144
2714
2116
2145
2715
2117
2146
2716
2118
2147
2717
2119
2148
2718
2120
2149
2719
2121
2150
2720
2122
2151
2721
2123
2152
2722
2124
2153
2723
2125
2154
2724
2126
2155
2725
2127
2156
2726
2128
2157
2727
2129
2158
2728
2159
2729
2131
2160
2730
2132
2161
2731
2133
2162
2732
2134
2163
2733
2135
2164
2734
2136
2165
2735
2137
2166
2736
2138
2167
2737
2139
2168
2738
2140
2169
2739
2141
2170
2740
2142
2171
2741
2143
2172
2742
2144
2173
2743
2145
2174
2744
2146
2175
2745
2147
2176
2746
2148
2177
2747
2149
2178
2748
2150
2179
2749
2151
2180
2750
2152
2181
2751
2153
2182
2752
2154
2183
2753
2155
2184
2754
2156
2185
2755
2157
2186
2756
2158
2187
2757
2159
2188
2758
2189
2759
2161
2190
2760
2162
2191
2761
2163
2192
2762
2164
2193
2763
2165
2194
2764
2166
2195
2765
2167
2196
2766
2168
2197
2767
2169
2198
2768
2170
2199
2769
2171
2200
2770
2172
2201
2771
2173
2202
2772
2174
2203
2773
2175
2204
2774
2176
2205
2775
2177
2206
2776
2178
2207
2777
2179
2208
2778
2180
2209
2779
2181
2210
2780
2182
2211
2781
2183
2212
2782
2184
2213
2783
2185
2214
2784
2186
2215
2785
2187
2216
2786
2188
2217
2787
2189
2218
2788
2219
2789
2191
2220
2790
2192
2221
2791
2193
2222
2792
2194
2223
2793
2195
2224
2794
2196
2225
2795
2197
2226
2796
2198
2227
2797
2199
2228
2798
2200
2229
2799
2201
2230
2800
2202
2231
2801
2203
2232
2802
2204
2233
2803
2205
2234
2804
2206
2235
2805
2207
2236
2806
2208
2237
2807
2209
2238
2808
2210
2239
2809
2211
2240
2810
2212
2241
2811
2213
2242
2812
2214
2243
2813
2215
2244
2814
2216
2245
2815
2217
2246
2816
2218
2247
2817
2219
2248
2818
2249
2819
2221
2250
2820
2222
2251
2821
2223
2252
2822
2224
2253
2823
2225
2254
2824
2226
2255
2825
2227
2256
2826
2228
2257
2827
2229
2258
2828
2230
2259
2829
2231
2260
2830
2232
2261
2831
2233
2262
2832
2234
2263
2833
2235
2264
2834
2236
2265
2835
2237
2266
2836
2238
2267
2837
2239
2268
2838
2240
2269
2839
2241
2270
2840
2242
2271
2841
2243
2272
2842
2244
2273
2843
2245
2274
2844
2246
2275
2845
2247
2276
2846
2248
2277
2847
2249
2278
2848
2279
2849
2251
2280
2850
2252
2281
2851
2253
2282
2852
2254
2283
2853
2255
2284
2854
2256
2285
2855
2257
2286
2856
2258
2287
2857
2259
2288
2858
2260
2289
2859
2261
2290
2860
2262
2291
2861
2263
2292
2862
2264
2293
2863
2265
2294
2864
2266
2295
2865
2267
2296
2866
2268
2297
2867
2269
2298
2868
2270
2299
2869
2271
2300
2870
2272
2301
2871
2273
2302
2872
2274
2303
2873
2275
2304
2874
2276
2305
2875
2277
2306
2876
2278
2307
2877
2279
2308
2878
2309
2879
2281
2310
2880
2282
2311
2881
2283
2312
2882
2284
2313
2883
2285
2314
2884
2286
2315
2885
2287
2316
2886
2288
2317
2887
2289
2318
2888
2290
2319
2889
2291
2320
2890
2292
2321
2891
2293
2322
2892
2294
2323
2893
2295
2324
2894
2296
2325
2895
2297
2326
2896
2298
2327
2897
2299
2328
2898
2300
2329
2899
2301
2330
2900
2302
2331
2901
2303
2332
2902
2304
2333
2903
2305
2334
2904
2306
2335
2905
2307
2336
2906
2308
2337
2907
2309
2338
2908
2339
2909
2311
2340
2910
2312
2341
2911
2313
2342
2912
2314
2343
2913
2315
2344
2914
2316
2345
2915
2317
2346
2916
2318
2347
2917
2319
2348
2918
2320
2349
2919
2321
2350
2920
2322
2351
2921
2323
2352
2922
2324
2353
2923
2325
2354
2924
2326
2355
2925
2327
2356
2926
2328
2357
2927
2329
2358
2928
2330
2359
2929
2331
2360
2930
2332
2361
2931
2333
2362
2932
2334
2363
2933
2335
2364
2934
2336
2365
2935
2337
2366
2936
2338
2367
2937
2339
2368
2938
2369
2939
2341
2370
2940
2342
2371
2941
2343
2372
2942
2344
2373
2943
2345
2374
2944
2346
2375
2945
2347
2376
2946
2348
2377
2947
2349
2378
2948
2350
2379
2949
2351
2380
2950
2352
2381
2951
2353
2382
2952
2354
2383
2953
2355
2384
2954
2356
2385
2955
2357
2386
2956
2358
2387
2957
2359
2388
2958
2360
2389
2959
2361
2390
2960
2362
2391
2961
2363
2392
2962
2364
2393
2963
2365
2394
2964
2366
2395
2965
2367
2396
2966
2368
2397
2967
2369
2398
2968
2399
2969
2371
2970
2372
2971
2373
2972
2374
2973
2375
2974
2376
2975
2377
2976
2378
2977
2379
2978
2380
2979
2381
2980
2382
2981
2383
2982
2384
2983
2385
2984
2386
2985
2387
2986
2388
2987
2389
2988
2390
2989
2391
2990
2392
2991
2393
2992
2394
2993
2395
2994
2396
2995
2397
2996
2398
2997
2399
2998
2999
2401
2430
3000
2402
2431
3001
2403
2432
3002
2404
2433
3003
2405
2434
3004
2406
2435
3005
2407
2436
3006
2408
2437
3007
2409
2438
3008
2410
2439
3009
2411
2440
3010
2412
2441
3011
2413
2442
3012
2414
2443
3013
2415
2444
3014
2416
2445
3015
2417
2446
3016
2418
2447
3017
2419
2448
3018
2420
2449
3019
2421
2450
3020
2422
2451
3021
2423
2452
3022
2424
2453
3023
2425
2454
3024
2426
2455
3025
2427
2456
3026
2428
2457
3027
2429
2458
3028
2459
3029
2431
2460
3030
2432
2461
3031
2433
2462
3032
2434
2463
3033
2435
2464
3034
2436
2465
3035
2437
2466
3036
2438
2467
3037
2439
2468
3038
2440
2469
3039
2441
2470
3040
2442
2471
3041
2443
2472
3042
2444
2473
3043
2445
2474
3044
2446
2475
3045
2447
2476
3046
2448
2477
3047
2449
2478
3048
2450
2479
3049
2451
2480
3050
2452
2481
3051
2453
2482
3052
2454
2483
3053
2455
2484
3054
2456
2485
3055
2457
2486
3056
2458
2487
3057
2459
2488
3058
2489
3059
2461
2490
3060
2462
2491
3061
2463
2492
3062
2464
2493
3063
2465
2494
3064
2466
2495
3065
2467
2496
3066
2468
2497
3067
2469
2498
3068
2470
2499
3069
2471
2500
3070
2472
2501
3071
2473
2502
3072
2474
2503
3073
2475
2504
3074
2476
2505
3075
2477
2506
3076
2478
2507
3077
2479
2508
3078
2480
2509
3079
2481
2510
3080
2482
2511
3081
2483
2512
3082
2484
2513
3083
2485
2514
3084
2486
2515
3085
2487
2516
3086
2488
2517
3087
2489
2518
3088
2519
3089
2491
2520
3090
2492
2521
3091
2493
2522
3092
2494
2523
3093
2495
2524
3094
2496
2525
3095
2497
2526
3096
2498
2527
3097
2499
2528
3098
2500
2529
3099
2501
2530
3100
2502
2531
3101
2503
2532
3102
2504
2533
3103
2505
2534
3104
2506
2535
3105
2507
2536
3106
2508
2537
3107
2509
2538
3108
2510
2539
3109
2511
2540
3110
2512
2541
3111
2513
2542
3112
2514
2543
3113
2515
2544
3114
2516
2545
3115
2517
2546
3116
2518
2547
3117
2519
2548
3118
2549
3119
2521
2550
3120
2522
2551
3121
2523
2552
3122
2524
2553
3123
2525
2554
3124
2526
2555
3125
2527
2556
3126
2528
2557
3127
2529
2558
3128
2530
2559
3129
2531
2560
3130
2532
2561
3131
2533
2562
3132
2534
2563
3133
2535
2564
3134
2536
2565
3135
2537
2566
3136
2538
2567
3137
2539
2568
3138
2540
2569
3139
2541
2570
3140
2542
2571
3141
2543
2572
3142
2544
2573
3143
2545
2574
3144
2546
2575
3145
2547
2576
3146
2548
2577
3147
2549
2578
3148
2579
3149
2551
2580
3150
2552
2581
3151
2553
2582
3152
2554
2583
3153
2555
2584
3154
2556
2585
3155
2557
2586
3156
2558
2587
3157
2559
2588
3158
2560
2589
3159
2561
2590
3160
2562
2591
3161
2563
2592
3162
2564
2593
3163
2565
2594
3164
2566
2595
3165
2567
2596
3166
2568
2597
3167
2569
2598
3168
2570
2599
3169
2571
2600
3170
2572
2601
3171
2573
2602
3172
2574
2603
3173
2575
2604
3174
2576
2605
3175
2577
2606
3176
2578
2607
3177
2579
2608
3178
2609
3179
2581
2610
3180
2582
2611
3181
2583
2612
3182
2584
2613
3183
2585
2614
3184
2586
2615
3185
2587
2616
3186
2588
2617
3187
2589
2618
3188
2590
2619
3189
2591
2620
3190
2592
2621
3191
2593
2622
3192
2594
2623
3193
2595
2624
3194
2596
2625
3195
2597
2626
3196
2598
2627
3197
2599
2628
3198
2600
2629
3199
2601
2630
3200
2602
2631
3201
2603
2632
3202
2604
2633
3203
2605
2634
3204
2606
2635
3205
2607
2636
3206
2608
2637
3207
2609
2638
3208
2639
3209
2611
2640
3210
2612
2641
3211
2613
2642
3212
2614
2643
3213
2615
2644
3214
2616
2645
3215
2617
2646
3216
2618
2647
3217
2619
2648
3218
2620
2649
3219
2621
2650
3220
2622
2651
3221
2623
2652
3222
2624
2653
3223
2625
2654
3224
2626
2655
3225
2627
2656
3226
2628
2657
3227
2629
2658
3228
2630
2659
3229
2631
2660
3230
2632
2661
3231
2633
2662
3232
2634
2663
3233
2635
2664
3234
2636
2665
3235
2637
2666
3236
2638
2667
3237
2639
2668
3238
2669
3239
2641
2670
3240
2642
2671
3241
2643
2672
3242
2644
2673
3243
2645
2674
3244
2646
2675
3245
2647
2676
3246
2648
2677
3247
2649
2678
3248
2650
2679
3249
2651
2680
3250
2652
2681
3251
2653
2682
3252
2654
2683
3253
2655
2684
3254
2656
2685
3255
2657
2686
3256
2658
2687
3257
2659
2688
3258
2660
2689
3259
2661
2690
3260
2662
2691
3261
2663
2692
3262
2664
2693
3263
2665
2694
3264
2666
2695
3265
2667
2696
3266
2668
2697
3267
2669
2698
3268
2699
3269
2671
2700
3270
2672
2701
3271
2673
2702
3272
2674
2703
3273
2675
2704
3274
2676
2705
3275
2677
2706
3276
2678
2707
3277
2679
2708
3278
2680
2709
3279
2681
2710
3280
2682
2711
3281
2683
2712
3282
2684
2713
3283
2685
2714
3284
2686
2715
3285
2687
2716
3286
2688
2717
3287
2689
2718
3288
2690
2719
3289
2691
2720
3290
2692
2721
3291
2693
2722
3292
2694
2723
3293
2695
2724
3294
2696
2725
3295
2697
2726
3296
2698
2727
3297
2699
2728
3298
2729
3299
2701
2730
3300
2702
2731
3301
2703
2732
3302
2704
2733
3303
2705
2734
3304
2706
2735
3305
2707
2736
3306
2708
2737
3307
2709
2738
3308
2710
2739
3309
2711
2740
3310
2712
2741
3311
2713
2742
3312
2714
2743
3313
2715
2744
3314
2716
2745
3315
2717
2746
3316
2718
2747
3317
2719
2748
3318
2720
2749
3319
2721
2750
3320
2722
2751
3321
2723
2752
3322
2724
2753
3323
2725
2754
3324
2726
2755
3325
2727
2756
3326
2728
2757
3327
2729
2758
3328
2759
3329
2731
2760
3330
2732
2761
3331
2733
2762
3332
2734
2763
3333
2735
2764
3334
2736
2765
3335
2737
2766
3336
2738
2767
3337
2739
2768
3338
2740
2769
3339
2741
2770
3340
2742
2771
3341
2743
2772
3342
2744
2773
3343
2745
2774
3344
2746
2775
3345
2747
2776
3346
2748
2777
3347
2749
2778
3348
2750
2779
3349
2751
2780
3350
2752
2781
3351
2753
2782
3352
2754
2783
3353
2755
2784
3354
2756
2785
3355
2757
2786
3356
2758
2787
3357
2759
2788
3358
2789
3359
2761
2790
3360
2762
2791
3361
2763
2792
3362
2764
2793
3363
2765
2794
3364
2766
2795
3365
2767
2796
3366
2768
2797
3367
2769
2798
3368
2770
2799
3369
2771
2800
3370
2772
2801
3371
2773
2802
3372
2774
2803
3373
2775
2804
3374
2776
2805
3375
2777
2806
3376
2778
2807
3377
2779
2808
3378
2780
2809
3379
2781
2810
3380
2782
2811
3381
2783
2812
3382
2784
2813
3383
2785
2814
3384
2786
2815
3385
2787
2816
3386
2788
2817
3387
2789
2818
3388
2819
3389
2791
2820
3390
2792
2821
3391
2793
2822
3392
2794
2823
3393
2795
2824
3394
2796
2825
3395
2797
2826
3396
2798
2827
3397
2799
2828
3398
2800
2829
3399
2801
2830
3400
2802
2831
3401
2803
2832
3402
2804
2833
3403
2805
2834
3404
2806
2835
3405
2807
2836
3406
2808
2837
3407
2809
2838
3408
2810
2839
3409
2811
2840
3410
2812
2841
3411
2813
2842
3412
2814
2843
3413
2815
2844
3414
2816
2845
3415
2817
2846
3416
2818
2847
3417
2819
2848
3418
2849
3419
2821
2850
3420
2822
2851
3421
2823
2852
3422
2824
2853
3423
2825
2854
3424
2826
2855
3425
2827
2856
3426
2828
2857
3427
2829
2858
3428
2830
2859
3429
2831
2860
3430
2832
2861
3431
2833
2862
3432
2834
2863
3433
2835
2864
3434
2836
2865
3435
2837
2866
3436
2838
2867
3437
2839
2868
3438
2840
2869
3439
2841
2870
3440
2842
2871
3441
2843
2872
3442
2844
2873
3443
2845
2874
3444
2846
2875
3445
2847
2876
3446
2848
2877
3447
2849
2878
3448
2879
3449
2851
2880
3450
2852
2881
3451
2853
2882
3452
2854
2883
3453
2855
2884
3454
2856
2885
3455
2857
2886
3456
2858
2887
3457
2859
2888
3458
2860
2889
3459
2861
2890
3460
2862
2891
3461
2863
2892
3462
2864
2893
3463
2865
2894
3464
2866
2895
3465
2867
2896
3466
2868
2897
3467
2869
2898
3468
2870
2899
3469
2871
2900
3470
2872
2901
3471
2873
2902
3472
2874
2903
3473
2875
2904
3474
2876
2905
3475
2877
2906
3476
2878
2907
3477
2879
2908
3478
2909
3479
2881
2910
3480
2882
2911
3481
2883
2912
3482
2884
2913
3483
2885
2914
3484
2886
2915
3485
2887
2916
3486
2888
2917
3487
2889
2918
3488
2890
2919
3489
2891
2920
3490
2892
2921
3491
2893
2922
3492
2894
2923
3493
2895
2924
3494
2896
2925
3495
2897
2926
3496
2898
2927
3497
2899
2928
3498
2900
2929
3499
2901
2930
3500
2902
2931
3501
2903
2932
3502
2904
2933
3503
2905
2934
3504
2906
2935
3505
2907
2936
3506
2908
2937
3507
2909
2938
3508
2939
3509
2911
2940
3510
2912
2941
3511
2913
2942
3512
2914
2943
3513
2915
2944
3514
2916
2945
3515
2917
2946
3516
2918
2947
3517
2919
2948
3518
2920
2949
3519
2921
2950
3520
2922
2951
3521
2923
2952
3522
2924
2953
3523
2925
2954
3524
2926
2955
3525
2927
2956
3526
2928
2957
3527
2929
2958
3528
2930
2959
3529
2931
2960
3530
2932
2961
3531
2933
2962
3532
2934
2963
3533
2935
2964
3534
2936
2965
3535
2937
2966
3536
2938
2967
3537
2939
2968
3538
2969
3539
2941
2970
3540
2942
2971
3541
2943
2972
3542
2944
2973
3543
2945
2974
3544
2946
2975
3545
2947
2976
3546
2948
2977
3547
2949
2978
3548
2950
2979
3549
2951
2980
3550
2952
2981
3551
2953
2982
3552
2954
2983
3553
2955
2984
3554
2956
2985
3555
2957
2986
3556
2958
2987
3557
2959
2988
3558
2960
2989
3559
2961
2990
3560
2962
2991
3561
2963
2992
3562
2964
2993
3563
2965
2994
3564
2966
2995
3565
2967
2996
3566
2968
2997
3567
2969
2998
3568
2999
3569
2971
3570
2972
3571
2973
3572
2974
3573
2975
3574
2976
3575
2977
3576
2978
3577
2979
3578
2980
3579
2981
3580
2982
3581
2983
3582
2984
3583
2985
3584
2986
3585
2987
3586
2988
3587
2989
3588
2990
3589
2991
3590
2992
3591
2993
3592
2994
3593
2995
3594
2996
3595
2997
3596
2998
3597
2999
3598
3599
3001
3030
3600
3002
3031
3601
3003
3032
3602
3004
3033
3603
3005
3034
3604
3006
3035
3605
3007
3036
3606
3008
3037
3607
3009
3038
3608
3010
3039
3609
3011
3040
3610
3012
3041
3611
3013
3042
3612
3014
3043
3613
3015
3044
3614
3016
3045
3615
3017
3046
3616
3018
3047
3617
3019
3048
3618
3020
3049
3619
3021
3050
3620
3022
3051
3621
3023
3052
3622
3024
3053
3623
3025
3054
3624
3026
3055
3625
3027
3056
3626
3028
3057
3627
3029
3058
3628
3059
3629
3031
3060
3630
3032
3061
3631
3033
3062
3632
3034
3063
3633
3035
3064
3634
3036
3065
3635
3037
3066
3636
3038
3067
3637
3039
3068
3638
3040
3069
3639
3041
3070
3640
3042
3071
3641
3043
3072
3642
3044
3073
3643
3045
3074
3644
3046
3075
3645
3047
3076
3646
3048
3077
3647
3049
3078
3648
3050
3079
3649
3051
3080
3650
3052
3081
3651
3053
3082
3652
3054
3083
3653
3055
3084
3654
3056
3085
3655
3057
3086
3656
3058
3087
3657
3059
3088
3658
3089
3659
3061
3090
3660
3062
3091
3661
3063
3092
3662
3064
3093
3663
3065
3094
3664
3066
3095
3665
3067
3096
3666
3068
3097
3667
3069
3098
3668
3070
3099
3669
3071
3100
3670
3072
3101
3671
3073
3102
3672
3074
3103
3673
3075
3104
3674
3076
3105
3675
3077
3106
3676
3078
3107
3677
3079
3108
3678
3080
3109
3679
3081
3110
3680
3082
3111
3681
3083
3112
3682
3084
3113
3683
3085
3114
3684
3086
3115
3685
3087
3116
3686
3088
3117
3687
3089
3118
3688
3119
3689
3091
3120
3690
3092
3121
3691
3093
3122
3692
3094
3123
3693
3095
3124
3694
3096
3125
3695
3097
3126
3696
3098
3127
3697
3099
3128
3698
3100
3129
3699
3101
3130
3700
3102
3131
3701
3103
3132
3702
3104
3133
3703
3105
3134
3704
3106
3135
3705
3107
3136
3706
3108
3137
3707
3109
3138
3708
3110
3139
3709
3111
3140
3710
3112
3141
3711
3113
3142
3712
3114
3143
3713
3115
3144
3714
3116
3145
3715
3117
3146
3716
3118
3147
3717
3119
3148
3718
3149
3719
3121
3150
3720
3122
3151
3721
3123
3152
3722
3124
3153
3723
3125
3154
3724
3126
3155
3725
3127
3156
3726
3128
3157
3727
3129
3158
3728
3130
3159
3729
3131
3160
3730
3132
3161
3731
3133
3162
3732
3134
3163
3733
3135
3164
3734
3136
3165
3735
3137
3166
3736
3138
3167
3737
3139
3168
3738
3140
3169
3739
3141
3170
3740
3142
3171
3741
3143
3172
3742
3144
3173
3743
3145
3174
3744
3146
3175
3745
3147
3176
3746
3148
3177
3747
3149
3178
3748
3179
3749
3151
3180
3750
3152
3181
3751
3153
3182
3752
3154
3183
3753
3155
3184
3754
3156
3185
3755
3157
3186
3756
3158
3187
3757
3159
3188
3758
3160
3189
3759
3161
3190
3760
3162
3191
3761
3163
3192
3762
3164
3193
3763
3165
3194
3764
3166
3195
3765
3167
3196
3766
3168
3197
3767
3169
3198
3768
3170
3199
3769
3171
3200
3770
3172
3201
3771
3173
3202
3772
3174
3203
3773
3175
3204
3774
3176
3205
3775
3177
3206
3776
3178
3207
3777
3179
3208
3778
3209
3779
3181
3210
3780
3182
3211
3781
3183
3212
3782
3184
3213
3783
3185
3214
3784
3186
3215
3785
3187
3216
3786
3188
3217
3787
3189
3218
3788
3190
3219
3789
3191
3220
3790
3192
3221
3791
3193
3222
3792
3194
3223
3793
3195
3224
3794
3196
3225
3795
3197
3226
3796
3198
3227
3797
3199
3228
3798
3200
3229
3799
3201
3230
3800
3202
3231
3801
3203
3232
3802
3204
3233
3803
3205
3234
3804
3206
3235
3805
3207
3236
3806
3208
3237
3807
3209
3238
3808
3239
3809
3211
3240
3810
3212
3241
3811
3213
3242
3812
3214
3243
3813
3215
3244
3814
3216
3245
3815
3217
3246
3816
3218
3247
3817
3219
3248
3818
3220
3249
3819
3221
3250
3820
3222
3251
3821
3223
3252
3822
3224
3253
3823
3225
3254
3824
3226
3255
3825
3227
3256
3826
3228
3257
3827
3229
3258
3828
3230
3259
3829
3231
3260
3830
3232
3261
3831
3233
3262
3832
3234
3263
3833
3235
3264
3834
3236
3265
3835
3237
3266
3836
3238
3267
3837
3239
3268
3838
3269
3839
3241
3270
3840
3242
3271
3841
3243
3272
3842
3244
3273
3843
3245
3274
3844
3246
3275
3845
3247
3276
3846
3248
3277
3847
3249
3278
3848
3250
3279
3849
3251
3280
3850
3252
3281
3851
3253
3282
3852
3254
3283
3853
3255
3284
3854
3256
3285
3855
3257
3286
3856
3258
3287
3857
3259
3288
3858
3260
3289
3859
3261
3290
3860
3262
3291
3861
3263
3292
3862
3264
3293
3863
3265
3294
3864
3266
3295
3865
3267
3296
3866
3268
3297
3867
3269
3298
3868
3299
3869
3271
3300
3870
3272
3301
3871
3273
3302
3872
3274
3303
3873
3275
3304
3874
3276
3305
3875
3277
3306
3876
3278
3307
3877
3279
3308
3878
3280
3309
3879
3281
3310
3880
3282
3311
3881
3283
3312
3882
3284
3313
3883
3285
3314
3884
3286
3315
3885
3287
3316
3886
3288
3317
3887
3289
3318
3888
3290
3319
3889
3291
3320
3890
3292
3321
3891
3293
3322
3892
3294
3323
3893
3295
3324
3894
3296
3325
3895
3297
3326
3896
3298
3327
3897
3299
3328
3898
3329
3899
3301
3330
3900
3302
3331
3901
3303
3332
3902
3304
3333
3903
3305
3334
3904
3306
3335
3905
3307
3336
3906
3308
3337
3907
3309
3338
3908
3310
3339
3909
3311
3340
3910
3312
3341
3911
3313
3342
3912
3314
3343
3913
3315
3344
3914
3316
3345
3915
3317
3346
3916
3318
3347
3917
3319
3348
3918
3320
3349
3919
3321
3350
3920
3322
3351
3921
3323
3352
3922
3324
3353
3923
3325
3354
3924
3326
3355
3925
3327
3356
3926
3328
3357
3927
3329
3358
3928
3359
3929
3331
3360
3930
3332
3361
3931
3333
3362
3932
3334
3363
3933
3335
3364
3934
3336
3365
3935
3337
3366
3936
3338
3367
3937
3339
3368
3938
3340
3369
3939
3341
3370
3940
3342
3371
3941
3343
3372
3942
3344
3373
3943
3345
3374
3944
3346
3375
3945
3347
3376
3946
3348
3377
3947
3349
3378
3948
3350
3379
3949
3351
3380
3950
3352
3381
3951
3353
3382
3952
3354
3383
3953
3355
3384
3954
3356
3385
3955
3357
3386
3956
3358
3387
3957
3359
3388
3958
3389
3959
3361
3390
3960
3362
3391
3961
3363
3392
3962
3364
3393
3963
3365
3394
3964
3366
3395
3965
3367
3396
3966
3368
3397
3967
3369
3398
3968
3370
3399
3969
3371
3400
3970
3372
3401
3971
3373
3402
3972
3374
3403
3973
3375
3404
3974
3376
3405
3975
3377
3406
3976
3378
3407
3977
3379
3408
3978
3380
3409
3979
3381
3410
3980
3382
3411
3981
3383
3412
3982
3384
3413
3983
3385
3414
3984
3386
3415
3985
3387
3416
3986
3388
3417
3987
3389
3418
3988
3419
3989
3391
3420
3990
3392
3421
3991
3393
3422
3992
3394
3423
3993
3395
3424
3994
3396
3425
3995
3397
3426
3996
3398
3427
3997
3399
3428
3998
3400
3429
3999
3401
3430
4000
3402
3431
4001
3403
3432
4002
3404
3433
4003
3405
3434
4004
3406
3435
4005
3407
3436
4006
3408
3437
4007
3409
3438
4008
3410
3439
4009
3411
3440
4010
3412
3441
4011
3413
3442
4012
3414
3443
4013
3415
3444
4014
3416
3445
4015
3417
3446
4016
3418
3447
4017
3419
3448
4018
3449
4019
3421
3450
4020
3422
3451
4021
3423
3452
4022
3424
3453
4023
3425
3454
4024
3426
3455
4025
3427
3456
4026
3428
3457
4027
3429
3458
4028
3430
3459
4029
3431
3460
4030
3432
3461
4031
3433
3462
4032
3434
3463
4033
3435
3464
4034
3436
3465
4035
3437
3466
4036
3438
3467
4037
3439
3468
4038
3440
3469
4039
3441
3470
4040
3442
3471
4041
3443
3472
4042
3444
3473
4043
3445
3474
4044
3446
3475
4045
3447
3476
4046
3448
3477
4047
3449
3478
4048
3479
4049
3451
3480
4050
3452
3481
4051
3453
3482
4052
3454
3483
4053
3455
3484
4054
3456
3485
4055
3457
3486
4056
3458
3487
4057
3459
3488
4058
3460
3489
4059
3461
3490
4060
3462
3491
4061
3463
3492
4062
3464
3493
4063
3465
3494
4064
3466
3495
4065
3467
3496
4066
3468
3497
4067
3469
3498
4068
3470
3499
4069
3471
3500
4070
3472
3501
4071
3473
3502
4072
3474
3503
4073
3475
3504
4074
3476
3505
4075
3477
3506
4076
3478
3507
4077
3479
3508
4078
3509
4079
3481
3510
4080
3482
3511
4081
3483
3512
4082
3484
3513
4083
3485
3514
4084
3486
3515
4085
3487
3516
4086
3488
3517
4087
3489
3518
4088
3490
3519
4089
3491
3520
4090
3492
3521
4091
3493
3522
4092
3494
3523
4093
3495
3524
4094
3496
3525
4095
3497
3526
4096
3498
3527
4097
3499
3528
4098
3500
3529
4099
3501
3530
4100
3502
3531
4101
3503
3532
4102
3504
3533
4103
3505
3534
4104
3506
3535
4105
3507
3536
4106
3508
3537
4107
3509
3538
4108
3539
4109
3511
3540
4110
3512
3541
4111
3513
3542
4112
3514
3543
4113
3515
3544
4114
3516
3545
4115
3517
3546
4116
3518
3547
4117
3519
3548
4118
3520
3549
4119
3521
3550
4120
3522
3551
4121
3523
3552
4122
3524
3553
4123
3525
3554
4124
3526
3555
4125
3527
3556
4126
3528
3557
4127
3529
3558
4128
3530
3559
4129
3531
3560
4130
3532
3561
4131
3533
3562
4132
3534
3563
4133
3535
3564
4134
3536
3565
4135
3537
3566
4136
3538
3567
4137
3539
3568
4138
3569
4139
3541
3570
4140
3542
3571
4141
3543
3572
4142
3544
3573
4143
3545
3574
4144
3546
3575
4145
3547
3576
4146
3548
3577
4147
3549
3578
4148
3550
3579
4149
3551
3580
4150
3552
3581
4151
3553
3582
4152
3554
3583
4153
3555
3584
4154
3556
3585
4155
3557
3586
4156
3558
3587
4157
3559
3588
4158
3560
3589
4159
3561
3590
4160
3562
3591
4161
3563
3592
4162
3564
3593
4163
3565
3594
4164
3566
3595
4165
3567
3596
4166
3568
3597
4167
3569
3598
4168
3599
4169
3571
4170
3572
4171
3573
4172
3574
4173
3575
4174
3576
4175
3577
4176
3578
4177
3579
4178
3580
4179
3581
4180
3582
4181
3583
4182
3584
4183
3585
4184
3586
4185
3587
4186
3588
4187
3589
4188
3590
4189
3591
4190
3592
4191
3593
4192
3594
4193
3595
4194
3596
4195
3597
4196
3598
4197
3599
4198
4199
3601
3630
4200
3602
3631
4201
3603
3632
4202
3604
3633
4203
3605
3634
4204
3606
3635
4205
3607
3636
4206
3608
3637
4207
3609
3638
4208
3610
3639
4209
3611
3640
4210
3612
3641
4211
3613
3642
4212
3614
3643
4213
3615
3644
4214
3616
3645
4215
3617
3646
4216
3618
3647
4217
3619
3648
4218
3620
3649
4219
3621
3650
4220
3622
3651
4221
3623
3652
4222
3624
3653
4223
3625
3654
4224
3626
3655
4225
3627
3656
4226
3628
3657
4227
3629
3658
4228
3659
4229
3631
3660
4230
3632
3661
4231
3633
3662
4232
3634
3663
4233
3635
3664
4234
3636
3665
4235
3637
3666
4236
3638
3667
4237
3639
3668
4238
3640
3669
4239
3641
3670
4240
3642
3671
4241
3643
3672
4242
3644
3673
4243
3645
3674
4244
3646
3675
4245
3647
3676
4246
3648
3677
4247
3649
3678
4248
3650
3679
4249
3651
3680
4250
3652
3681
4251
3653
3682
4252
3654
3683
4253
3655
3684
4254
3656
3685
4255
3657
3686
4256
3658
3687
4257
3659
3688
4258
3689
4259
3661
3690
4260
3662
3691
4261
3663
3692
4262
3664
3693
4263
3665
3694
4264
3666
3695
4265
3667
3696
4266
3668
3697
4267
3669
3698
4268
3670
3699
4269
3671
3700
4270
3672
3701
4271
3673
3702
4272
3674
3703
4273
3675
3704
4274
3676
3705
4275
3677
3706
4276
3678
3707
4277
3679
3708
4278
3680
3709
4279
3681
3710
4280
3682
3711
4281
3683
3712
4282
3684
3713
4283
3685
3714
4284
3686
3715
4285
3687
3716
4286
3688
3717
4287
3689
3718
4288
3719
4289
3691
3720
4290
3692
3721
4291
3693
3722
4292
3694
3723
4293
3695
3724
4294
3696
3725
4295
3697
3726
4296
3698
3727
4297
3699
3728
4298
3700
3729
4299
3701
3730
4300
3702
3731
4301
3703
3732
4302
3704
3733
4303
3705
3734
4304
3706
3735
4305
3707
3736
4306
3708
3737
4307
3709
3738
4308
3710
3739
4309
3711
3740
4310
3712
3741
4311
3713
3742
4312
3714
3743
4313
3715
3744
4314
3716
3745
4315
3717
3746
4316
3718
3747
4317
3719
3748
4318
3749
4319
3721
3750
4320
3722
3751
4321
3723
3752
4322
3724
3753
4323
3725
3754
4324
3726
3755
4325
3727
3756
4326
3728
3757
4327
3729
3758
4328
3730
3759
4329
3731
3760
4330
3732
3761
4331
3733
3762
4332
3734
3763
4333
3735
3764
4334
3736
3765
4335
3737
3766
4336
3738
3767
4337
3739
3768
4338
3740
3769
4339
3741
3770
4340
3742
3771
4341
3743
3772
4342
3744
3773
4343
3745
3774
4344
3746
3775
4345
3747
3776
4346
3748
3777
4347
3749
3778
4348
3779
4349
3751
3780
4350
3752
3781
4351
3753
3782
4352
3754
3783
4353
3755
3784
4354
3756
3785
4355
3757
3786
4356
3758
3787
4357
3759
3788
4358
3760
3789
4359
3761
3790
4360
3762
3791
4361
3763
3792
4362
3764
3793
4363
3765
3794
4364
3766
3795
4365
3767
3796
4366
3768
3797
4367
3769
3798
4368
3770
3799
4369
3771
3800
4370
3772
3801
4371
3773
3802
4372
3774
3803
4373
3775
3804
4374
3776
3805
4375
3777
3806
4376
3778
3807
4377
3779
3808
4378
3809
4379
3781
3810
4380
3782
3811
4381
3783
3812
4382
3784
3813
4383
3785
3814
4384
3786
3815
4385
3787
3816
4386
3788
3817
4387
3789
3818
4388
3790
3819
4389
3791
3820
4390
3792
3821
4391
3793
3822
4392
3794
3823
4393
3795
3824
4394
3796
3825
4395
3797
3826
4396
3798
3827
4397
3799
3828
4398
3800
3829
4399
3801
3830
4400
3802
3831
4401
3803
3832
4402
3804
3833
4403
3805
3834
4404
3806
3835
4405
3807
3836
4406
3808
3837
4407
3809
3838
4408
3839
4409
3811
3840
4410
3812
3841
4411
3813
3842
4412
3814
3843
4413
3815
3844
4414
3816
3845
4415
3817
3846
4416
3818
3847
4417
3819
3848
4418
3820
3849
4419
3821
3850
4420
3822
3851
4421
3823
3852
4422
3824
3853
4423
3825
3854
4424
3826
3855
4425
3827
3856
4426
3828
3857
4427
3829
3858
4428
3830
3859
4429
3831
3860
4430
3832
3861
4431
3833
3862
4432
3834
3863
4433
3835
3864
4434
3836
3865
4435
3837
3866
4436
3838
3867
4437
3839
3868
4438
3869
4439
3841
3870
4440
3842
3871
4441
3843
3872
4442
3844
3873
4443
3845
3874
4444
3846
3875
4445
3847
3876
4446
3848
3877
4447
3849
3878
4448
3850
3879
4449
3851
3880
4450
3852
3881
4451
3853
3882
4452
3854
3883
4453
3855
3884
4454
3856
3885
4455
3857
3886
4456
3858
3887
4457
3859
3888
4458
3860
3889
4459
3861
3890
4460
3862
3891
4461
3863
3892
4462
3864
3893
4463
3865
3894
4464
3866
3895
4465
3867
3896
4466
3868
3897
4467
3869
3898
4468
3899
4469
3871
3900
4470
3872
3901
4471
3873
3902
4472
3874
3903
4473
3875
3904
4474
3876
3905
4475
3877
3906
4476
3878
3907
4477
3879
3908
4478
3880
3909
4479
3881
3910
4480
3882
3911
4481
3883
3912
4482
3884
3913
4483
3885
3914
4484
3886
3915
4485
3887
3916
4486
3888
3917
4487
3889
3918
4488
3890
3919
4489
3891
3920
4490
3892
3921
4491
3893
3922
4492
3894
3923
4493
3895
3924
4494
3896
3925
4495
3897
3926
4496
3898
3927
4497
3899
3928
4498
3929
4499
3901
3930
4500
3902
3931
4501
3903
3932
4502
3904
3933
4503
3905
3934
4504
3906
3935
4505
3907
3936
4506
3908
3937
4507
3909
3938
4508
3910
3939
4509
3911
3940
4510
3912
3941
4511
3913
3942
4512
3914
3943
4513
3915
3944
4514
3916
3945
4515
3917
3946
4516
3918
3947
4517
3919
3948
4518
3920
3949
4519
3921
3950
4520
3922
3951
4521
3923
3952
4522
3924
3953
4523
3925
3954
4524
3926
3955
4525
3927
3956
4526
3928
3957
4527
3929
3958
4528
3959
4529
3931
3960
4530
3932
3961
4531
3933
3962
4532
3934
3963
4533
3935
3964
4534
3936
3965
4535
3937
3966
4536
3938
3967
4537
3939
3968
4538
3940
3969
4539
3941
3970
4540
3942
3971
4541
3943
3972
4542
3944
3973
4543
3945
3974
4544
3946
3975
4545
3947
3976
4546
3948
3977
4547
3949
3978
4548
3950
3979
4549
3951
3980
4550
3952
3981
4551
3953
3982
4552
3954
3983
4553
3955
3984
4554
3956
3985
4555
3957
3986
4556
3958
3987
4557
3959
3988
4558
3989
4559
3961
3990
4560
3962
3991
4561
3963
3992
4562
3964
3993
4563
3965
3994
4564
3966
3995
4565
3967
3996
4566
3968
3997
4567
3969
3998
4568
3970
3999
4569
3971
4000
4570
3972
4001
4571
3973
4002
4572
3974
4003
4573
3975
4004
4574
3976
4005
4575
3977
4006
4576
3978
4007
4577
3979
4008
4578
3980
4009
4579
3981
4010
4580
3982
4011
4581
3983
4012
4582
3984
4013
4583
3985
4014
4584
3986
4015
4585
3987
4016
4586
3988
4017
4587
3989
4018
4588
4019
4589
3991
4020
4590
3992
4021
4591
3993
4022
4592
3994
4023
4593
3995
4024
4594
3996
4025
4595
3997
4026
4596
3998
4027
4597
3999
4028
4598
4000
4029
4599
4001
4030
4600
4002
4031
4601
4003
4032
4602
4004
4033
4603
4005
4034
4604
4006
4035
4605
4007
4036
4606
4008
4037
4607
4009
4038
4608
4010
4039
4609
4011
4040
4610
4012
4041
4611
4013
4042
4612
4014
4043
4613
4015
4044
4614
4016
4045
4615
4017
4046
4616
4018
4047
4617
4019
4048
4618
4049
4619
4021
4050
4620
4022
4051
4621
4023
4052
4622
4024
4053
4623
4025
4054
4624
4026
4055
4625
4027
4056
4626
4028
4057
4627
4029
4058
4628
4030
4059
4629
4031
4060
4630
4032
4061
4631
4033
4062
4632
4034
4063
4633
4035
4064
4634
4036
4065
4635
4037
4066
4636
4038
4067
4637
4039
4068
4638
4040
4069
4639
4041
4070
4640
4042
4071
4641
4043
4072
4642
4044
4073
4643
4045
4074
4644
4046
4075
4645
4047
4076
4646
4048
4077
4647
4049
4078
4648
4079
4649
4051
4080
4650
4052
4081
4651
4053
4082
4652
4054
4083
4653
4055
4084
4654
4056
4085
4655
4057
4086
4656
4058
4087
4657
4059
4088
4658
4060
4089
4659
4061
4090
4660
4062
4091
4661
4063
4092
4662
4064
4093
4663
4065
4094
4664
4066
4095
4665
4067
4096
4666
4068
4097
4667
4069
4098
4668
4070
4099
4669
4071
4100
4670
4072
4101
4671
4073
4102
4672
4074
4103
4673
4075
4104
4674
4076
4105
4675
4077
4106
4676
4078
4107
4677
4079
4108
4678
4109
4679
4081
4110
4680
4082
4111
4681
4083
4112
4682
4084
4113
4683
4085
4114
4684
4086
4115
4685
4087
4116
4686
4088
4117
4687
4089
4118
4688
4090
4119
4689
4091
4120
4690
4092
4121
4691
4093
4122
4692
4094
4123
4693
4095
4124
4694
4096
4125
4695
4097
4126
4696
4098
4127
4697
4099
4128
4698
4100
4129
4699
4101
4130
4700
4102
4131
4701
4103
4132
4702
4104
4133
4703
4105
4134
4704
4106
4135
4705
4107
4136
4706
4108
4137
4707
4109
4138
4708
4139
4709
4111
4140
4710
4112
4141
4711
4113
4142
4712
4114
4143
4713
4115
4144
4714
4116
4145
4715
4117
4146
4716
4118
4147
4717
4119
4148
4718
4120
4149
4719
4121
4150
4720
4122
4151
4721
4123
4152
4722
4124
4153
4723
4125
4154
4724
4126
4155
4725
4127
4156
4726
4128
4157
4727
4129
4158
4728
4130
4159
4729
4131
4160
4730
4132
4161
4731
4133
4162
4732
4134
4163
4733
4135
4164
4734
4136
4165
4735
4137
4166
4736
4138
4167
4737
4139
4168
4738
4169
4739
4141
4170
4740
4142
4171
4741
4143
4172
4742
4144
4173
4743
4145
4174
4744
4146
4175
4745
4147
4176
4746
4148
4177
4747
4149
4178
4748
4150
4179
4749
4151
4180
4750
4152
4181
4751
4153
4182
4752
4154
4183
4753
4155
4184
4754
4156
4185
4755
4157
4186
4756
4158
4187
4757
4159
4188
4758
4160
4189
4759
4161
4190
4760
4162
4191
4761
4163
4192
4762
4164
4193
4763
4165
4194
4764
4166
4195
4765
4167
4196
4766
4168
4197
4767
4169
4198
4768
4199
4769
4171
4770
4172
4771
4173
4772
4174
4773
4175
4774
4176
4775
4177
4776
4178
4777
4179
4778
4180
4779
4181
4780
4182
4781
4183
4782
4184
4783
4185
4784
4186
4785
4187
4786
4188
4787
4189
4788
4190
4789
4191
4790
4192
4791
4193
4792
4194
4793
4195
4794
4196
4795
4197
4796
4198
4797
4199
4798
4799
4201
4230
4800
4202
4231
4801
4203
4232
4802
4204
4233
4803
4205
4234
4804
4206
4235
4805
4207
4236
4806
4208
4237
4807
4209
4238
4808
4210
4239
4809
4211
4240
4810
4212
4241
4811
4213
4242
4812
4214
4243
4813
4215
4244
4814
4216
4245
4815
4217
4246
4816
4218
4247
4817
4219
4248
4818
4220
4249
4819
4221
4250
4820
4222
4251
4821
4223
4252
4822
4224
4253
4823
4225
4254
4824
4226
4255
4825
4227
4256
4826
4228
4257
4827
4229
4258
4828
4259
4829
4231
4260
4830
4232
4261
4831
4233
4262
4832
4234
4263
4833
4235
4264
4834
4236
4265
4835
4237
4266
4836
4238
4267
4837
4239
4268
4838
4240
4269
4839
4241
4270
4840
4242
4271
4841
4243
4272
4842
4244
4273
4843
4245
4274
4844
4246
4275
4845
4247
4276
4846
4248
4277
4847
4249
4278
4848
4250
4279
4849
4251
4280
4850
4252
4281
4851
4253
4282
4852
4254
4283
4853
4255
4284
4854
4256
4285
4855
4257
4286
4856
4258
4287
4857
4259
4288
4858
4289
4859
4261
4290
4860
4262
4291
4861
4263
4292
4862
4264
4293
4863
4265
4294
4864
4266
4295
4865
4267
4296
4866
4268
4297
4867
4269
4298
4868
4270
4299
4869
4271
4300
4870
4272
4301
4871
4273
4302
4872
4274
4303
4873
4275
4304
4874
4276
4305
4875
4277
4306
4876
4278
4307
4877
4279
4308
4878
4280
4309
4879
4281
4310
4880
4282
4311
4881
4283
4312
4882
4284
4313
4883
4285
4314
4884
4286
4315
4885
4287
4316
4886
4288
4317
4887
4289
4318
4888
4319
4889
4291
4320
4890
4292
4321
4891
4293
4322
4892
4294
4323
4893
4295
4324
4894
4296
4325
4895
4297
4326
4896
4298
4327
4897
4299
4328
4898
4300
4329
4899
4301
4330
4900
4302
4331
4901
4303
4332
4902
4304
4333
4903
4305
4334
4904
4306
4335
4905
4307
4336
4906
4308
4337
4907
4309
4338
4908
4310
4339
4909
4311
4340
4910
4312
4341
4911
4313
4342
4912
4314
4343
4913
4315
4344
4914
4316
4345
4915
4317
4346
4916
4318
4347
4917
4319
4348
4918
4349
4919
4321
4350
4920
4322
4351
4921
4323
4352
4922
4324
4353
4923
4325
4354
4924
4326
4355
4925
4327
4356
4926
4328
4357
4927
4329
4358
4928
4330
4359
4929
4331
4360
4930
4332
4361
4931
4333
4362
4932
4334
4363
4933
4335
4364
4934
4336
4365
4935
4337
4366
4936
4338
4367
4937
4339
4368
4938
4340
4369
4939
4341
4370
4940
4342
4371
4941
4343
4372
4942
4344
4373
4943
4345
4374
4944
4346
4375
4945
4347
4376
4946
4348
4377
4947
4349
4378
4948
4379
4949
4351
4380
4950
4352
4381
4951
4353
4382
4952
4354
4383
4953
4355
4384
4954
4356
4385
4955
4357
4386
4956
4358
4387
4957
4359
4388
4958
4360
4389
4959
4361
4390
4960
4362
4391
4961
4363
4392
4962
4364
4393
4963
4365
4394
4964
4366
4395
4965
4367
4396
4966
4368
4397
4967
4369
4398
4968
4370
4399
4969
4371
4400
4970
4372
4401
4971
4373
4402
4972
4374
4403
4973
4375
4404
4974
4376
4405
4975
4377
4406
4976
4378
4407
4977
4379
4408
4978
4409
4979
4381
4410
4980
4382
4411
4981
4383
4412
4982
4384
4413
4983
4385
4414
4984
4386
4415
4985
4387
4416
4986
4388
4417
4987
4389
4418
4988
4390
4419
4989
4391
4420
4990
4392
4421
4991
4393
4422
4992
4394
4423
4993
4395
4424
4994
4396
4425
4995
4397
4426
4996
4398
4427
4997
4399
4428
4998
4400
4429
4999
4401
4430
5000
4402
4431
5001
4403
4432
5002
4404
4433
5003
4405
4434
5004
4406
4435
5005
4407
4436
5006
4408
4437
5007
4409
4438
5008
4439
5009
4411
4440
5010
4412
4441
5011
4413
4442
5012
4414
4443
5013
4415
4444
5014
4416
4445
5015
4417
4446
5016
4418
4447
5017
4419
4448
5018
4420
4449
5019
4421
4450
5020
4422
4451
5021
4423
4452
5022
4424
4453
5023
4425
4454
5024
4426
4455
5025
4427
4456
5026
4428
4457
5027
4429
4458
5028
4430
4459
5029
4431
4460
5030
4432
4461
5031
4433
4462
5032
4434
4463
5033
4435
4464
5034
4436
4465
5035
4437
4466
5036
4438
4467
5037
4439
4468
5038
4469
5039
4441
4470
5040
4442
4471
5041
4443
4472
5042
4444
4473
5043
4445
4474
5044
4446
4475
5045
4447
4476
5046
4448
4477
5047
4449
4478
5048
4450
4479
5049
4451
4480
5050
4452
4481
5051
4453
4482
5052
4454
4483
5053
4455
4484
5054
4456
4485
5055
4457
4486
5056
4458
4487
5057
4459
4488
5058
4460
4489
5059
4461
4490
5060
4462
4491
5061
4463
4492
5062
4464
4493
5063
4465
4494
5064
4466
4495
5065
4467
4496
5066
4468
4497
5067
4469
4498
5068
4499
5069
4471
4500
5070
4472
4501
5071
4473
4502
5072
4474
4503
5073
4475
4504
5074
4476
4505
5075
4477
4506
5076
4478
4507
5077
4479
4508
5078
4480
4509
5079
4481
4510
5080
4482
4511
5081
4483
4512
5082
4484
4513
5083
4485
4514
5084
4486
4515
5085
4487
4516
5086
4488
4517
5087
4489
4518
5088
4490
4519
5089
4491
4520
5090
4492
4521
5091
4493
4522
5092
4494
4523
5093
4495
4524
5094
4496
4525
5095
4497
4526
5096
4498
4527
5097
4499
4528
5098
4529
5099
4501
4530
5100
4502
4531
5101
4503
4532
5102
4504
4533
5103
4505
4534
5104
4506
4535
5105
4507
4536
5106
4508
4537
5107
4509
4538
5108
4510
4539
5109
4511
4540
5110
4512
4541
5111
4513
4542
5112
4514
4543
5113
4515
4544
5114
4516
4545
5115
4517
4546
5116
4518
4547
5117
4519
4548
5118
4520
4549
5119
4521
4550
5120
4522
4551
5121
4523
4552
5122
4524
4553
5123
4525
4554
5124
4526
4555
5125
4527
4556
5126
4528
4557
5127
4529
4558
5128
4559
5129
4531
4560
5130
4532
4561
5131
4533
4562
5132
4534
4563
5133
4535
4564
5134
4536
4565
5135
4537
4566
5136
4538
4567
5137
4539
4568
5138
4540
4569
5139
4541
4570
5140
4542
4571
5141
4543
4572
5142
4544
4573
5143
4545
4574
5144
4546
4575
5145
4547
4576
5146
4548
4577
5147
4549
4578
5148
4550
4579
5149
4551
4580
5150
4552
4581
5151
4553
4582
5152
4554
4583
5153
4555
4584
5154
4556
4585
5155
4557
4586
5156
4558
4587
5157
4559
4588
5158
4589
5159
4561
4590
5160
4562
4591
5161
4563
4592
5162
4564
4593
5163
4565
4594
5164
4566
4595
5165
4567
4596
5166
4568
4597
5167
4569
4598
5168
4570
4599
5169
4571
4600
5170
4572
4601
5171
4573
4602
5172
4574
4603
5173
4575
4604
5174
4576
4605
5175
4577
4606
5176
4578
4607
5177
4579
4608
5178
4580
4609
5179
4581
4610
5180
4582
4611
5181
4583
4612
5182
4584
4613
5183
4585
4614
5184
4586
4615
5185
4587
4616
5186
4588
4617
5187
4589
4618
5188
4619
5189
4591
4620
5190
4592
4621
5191
4593
4622
5192
4594
4623
5193
4595
4624
5194
4596
4625
5195
4597
4626
5196
4598
4627
5197
4599
4628
5198
4600
4629
5199
4601
4630
5200
4602
4631
5201
4603
4632
5202
4604
4633
5203
4605
4634
5204
4606
4635
5205
4607
4636
5206
4608
4637
5207
4609
4638
5208
4610
4639
5209
4611
4640
5210
4612
4641
5211
4613
4642
5212
4614
4643
5213
4615
4644
5214
4616
4645
5215
4617
4646
5216
4618
4647
5217
4619
4648
5218
4649
5219
4621
4650
5220
4622
4651
5221
4623
4652
5222
4624
4653
5223
4625
4654
5224
4626
4655
5225
4627
4656
5226
4628
4657
5227
4629
4658
5228
4630
4659
5229
4631
4660
5230
4632
4661
5231
4633
4662
5232
4634
4663
5233
4635
4664
5234
4636
4665
5235
4637
4666
5236
4638
4667
5237
4639
4668
5238
4640
4669
5239
4641
4670
5240
4642
4671
5241
4643
4672
5242
4644
4673
5243
4645
4674
5244
4646
4675
5245
4647
4676
5246
4648
4677
5247
4649
4678
5248
4679
5249
4651
4680
5250
4652
4681
5251
4653
4682
5252
4654
4683
5253
4655
4684
5254
4656
4685
5255
4657
4686
5256
4658
4687
5257
4659
4688
5258
4660
4689
5259
4661
4690
5260
4662
4691
5261
4663
4692
5262
4664
4693
5263
4665
4694
5264
4666
4695
5265
4667
4696
5266
4668
4697
5267
4669
4698
5268
4670
4699
5269
4671
4700
5270
4672
4701
5271
4673
4702
5272
4674
4703
5273
4675
4704
5274
4676
4705
5275
4677
4706
5276
4678
4707
5277
4679
4708
5278
4709
5279
4681
4710
5280
4682
4711
5281
4683
4712
5282
4684
4713
5283
4685
4714
5284
4686
4715
5285
4687
4716
5286
4688
4717
5287
4689
4718
5288
4690
4719
5289
4691
4720
5290
4692
4721
5291
4693
4722
5292
4694
4723
5293
4695
4724
5294
4696
4725
5295
4697
4726
5296
4698
4727
5297
4699
4728
5298
4700
4729
5299
4701
4730
5300
4702
4731
5301
4703
4732
5302
4704
4733
5303
4705
4734
5304
4706
4735
5305
4707
4736
5306
4708
4737
5307
4709
4738
5308
4739
5309
4711
4740
5310
4712
4741
5311
4713
4742
5312
4714
4743
5313
4715
4744
5314
4716
4745
5315
4717
4746
5316
4718
4747
5317
4719
4748
5318
4720
4749
5319
4721
4750
5320
4722
4751
5321
4723
4752
5322
4724
4753
5323
4725
4754
5324
4726
4755
5325
4727
4756
5326
4728
4757
5327
4729
4758
5328
4730
4759
5329
4731
4760
5330
4732
4761
5331
4733
4762
5332
4734
4763
5333
4735
4764
5334
4736
4765
5335
4737
4766
5336
4738
4767
5337
4739
4768
5338
4769
5339
4741
4770
5340
4742
4771
5341
4743
4772
5342
4744
4773
5343
4745
4774
5344
4746
4775
5345
4747
4776
5346
4748
4777
5347
4749
4778
5348
4750
4779
5349
4751
4780
5350
4752
4781
5351
4753
4782
5352
4754
4783
5353
4755
4784
5354
4756
4785
5355
4757
4786
5356
4758
4787
5357
4759
4788
5358
4760
4789
5359
4761
4790
5360
4762
4791
5361
4763
4792
5362
4764
4793
5363
4765
4794
5364
4766
4795
5365
4767
4796
5366
4768
4797
5367
4769
4798
5368
4799
5369
4771
5370
4772
5371
4773
5372
4774
5373
4775
5374
4776
5375
4777
5376
4778
5377
4779
5378
4780
5379
4781
5380
4782
5381
4783
5382
4784
5383
4785
5384
4786
5385
4787
5386
4788
5387
4789
5388
4790
5389
4791
5390
4792
5391
4793
5392
4794
5393
4795
5394
4796
5395
4797
5396
4798
5397
4799
5398
5399
4801
4830
5400
4802
4831
5401
4803
4832
5402
4804
4833
5403
4805
4834
5404
4806
4835
5405
4807
4836
5406
4808
4837
5407
4809
4838
5408
4810
4839
5409
4811
4840
5410
4812
4841
5411
4813
4842
5412
4814
4843
5413
4815
4844
5414
4816
4845
5415
4817
4846
5416
4818
4847
5417
4819
4848
5418
4820
4849
5419
4821
4850
5420
4822
4851
5421
4823
4852
5422
4824
4853
5423
4825
4854
5424
4826
4855
5425
4827
4856
5426
4828
4857
5427
4829
4858
5428
4859
5429
4831
4860
5430
4832
4861
5431
4833
4862
5432
4834
4863
5433
4835
4864
5434
4836
4865
5435
4837
4866
5436
4838
4867
5437
4839
4868
5438
4840
4869
5439
4841
4870
5440
4842
4871
5441
4843
4872
5442
4844
4873
5443
4845
4874
5444
4846
4875
5445
4847
4876
5446
4848
4877
5447
4849
4878
5448
4850
4879
5449
4851
4880
5450
4852
4881
5451
4853
4882
5452
4854
4883
5453
4855
4884
5454
4856
4885
5455
4857
4886
5456
4858
4887
5457
4859
4888
5458
4889
5459
4861
4890
5460
4862
4891
5461
4863
4892
5462
4864
4893
5463
4865
4894
5464
4866
4895
5465
4867
4896
5466
4868
4897
5467
4869
4898
5468
4870
4899
5469
4871
4900
5470
4872
4901
5471
4873
4902
5472
4874
4903
5473
4875
4904
5474
4876
4905
5475
4877
4906
5476
4878
4907
5477
4879
4908
5478
4880
4909
5479
4881
4910
5480
4882
4911
5481
4883
4912
5482
4884
4913
5483
4885
4914
5484
4886
4915
5485
4887
4916
5486
4888
4917
5487
4889
4918
5488
4919
5489
4891
4920
5490
4892
4921
5491
4893
4922
5492
4894
4923
5493
4895
4924
5494
4896
4925
5495
4897
4926
5496
4898
4927
5497
4899
4928
5498
4900
4929
5499
4901
4930
5500
4902
4931
5501
4903
4932
5502
4904
4933
5503
4905
4934
5504
4906
4935
5505
4907
4936
5506
4908
4937
5507
4909
4938
5508
4910
4939
5509
4911
4940
5510
4912
4941
5511
4913
4942
5512
4914
4943
5513
4915
4944
5514
4916
4945
5515
4917
4946
5516
4918
4947
5517
4919
4948
5518
4949
5519
4921
4950
5520
4922
4951
5521
4923
4952
5522
4924
4953
5523
4925
4954
5524
4926
4955
5525
4927
4956
5526
4928
4957
5527
4929
4958
5528
4930
4959
5529
4931
4960
5530
4932
4961
5531
4933
4962
5532
4934
4963
5533
4935
4964
5534
4936
4965
5535
4937
4966
5536
4938
4967
5537
4939
4968
5538
4940
4969
5539
4941
4970
5540
4942
4971
5541
4943
4972
5542
4944
4973
5543
4945
4974
5544
4946
4975
5545
4947
4976
5546
4948
4977
5547
4949
4978
5548
4979
5549
4951
4980
5550
4952
4981
5551
4953
4982
5552
4954
4983
5553
4955
4984
5554
4956
4985
5555
4957
4986
5556
4958
4987
5557
4959
4988
5558
4960
4989
5559
4961
4990
5560
4962
4991
5561
4963
4992
5562
4964
4993
5563
4965
4994
5564
4966
4995
5565
4967
4996
5566
4968
4997
5567
4969
4998
5568
4970
4999
5569
4971
5000
5570
4972
5001
5571
4973
5002
5572
4974
5003
5573
4975
5004
5574
4976
5005
5575
4977
5006
5576
4978
5007
5577
4979
5008
5578
5009
5579
4981
5010
5580
4982
5011
5581
4983
5012
5582
4984
5013
5583
4985
5014
5584
4986
5015
5585
4987
5016
5586
4988
5017
5587
4989
5018
5588
4990
5019
5589
4991
5020
5590
4992
5021
5591
4993
5022
5592
4994
5023
5593
4995
5024
5594
4996
5025
5595
4997
5026
5596
4998
5027
5597
4999
5028
5598
5000
5029
5599
5001
5030
5600
5002
5031
5601
5003
5032
5602
5004
5033
5603
5005
5034
5604
5006
5035
5605
5007
5036
5606
5008
5037
5607
5009
5038
5608
5039
5609
5011
5040
5610
5012
5041
5611
5013
5042
5612
5014
5043
5613
5015
5044
5614
5016
5045
5615
5017
5046
5616
5018
5047
5617
5019
5048
5618
5020
5049
5619
5021
5050
5620
5022
5051
5621
5023
5052
5622
5024
5053
5623
5025
5054
5624
5026
5055
5625
5027
5056
5626
5028
5057
5627
5029
5058
5628
5030
5059
5629
5031
5060
5630
5032
5061
5631
5033
5062
5632
5034
5063
5633
5035
5064
5634
5036
5065
5635
5037
5066
5636
5038
5067
5637
5039
5068
5638
5069
5639
5041
5070
5640
5042
5071
5641
5043
5072
5642
5044
5073
5643
5045
5074
5644
5046
5075
5645
5047
5076
5646
5048
5077
5647
5049
5078
5648
5050
5079
5649
5051
5080
5650
5052
5081
5651
5053
5082
5652
5054
5083
5653
5055
5084
5654
5056
5085
5655
5057
5086
5656
5058
5087
5657
5059
5088
5658
5060
5089
5659
5061
5090
5660
5062
5091
5661
5063
5092
5662
5064
5093
5663
5065
5094
5664
5066
5095
5665
5067
5096
5666
5068
5097
5667
5069
5098
5668
5099
5669
5071
5100
5670
5072
5101
5671
5073
5102
5672
5074
5103
5673
5075
5104
5674
5076
5105
5675
5077
5106
5676
5078
5107
5677
5079
5108
5678
5080
5109
5679
5081
5110
5680
5082
5111
5681
5083
5112
5682
5084
5113
5683
5085
5114
5684
5086
5115
5685
5087
5116
5686
5088
5117
5687
5089
5118
5688
5090
5119
5689
5091
5120
5690
5092
5121
5691
5093
5122
5692
5094
5123
5693
5095
5124
5694
5096
5125
5695
5097
5126
5696
5098
5127
5697
5099
5128
5698
5129
5699
5101
5130
5700
5102
5131
5701
5103
5132
5702
5104
5133
5703
5105
5134
5704
5106
5135
5705
5107
5136
5706
5108
5137
5707
5109
5138
5708
5110
5139
5709
5111
5140
5710
5112
5141
5711
5113
5142
5712
5114
5143
5713
5115
5144
5714
5116
5145
5715
5117
5146
5716
5118
5147
5717
5119
5148
5718
5120
5149
5719
5121
5150
5720
5122
5151
5721
5123
5152
5722
5124
5153
5723
5125
5154
5724
5126
5155
5725
5127
5156
5726
5128
5157
5727
5129
5158
5728
5159
5729
5131
5160
5730
5132
5161
5731
5133
5162
5732
5134
5163
5733
5135
5164
5734
5136
5165
5735
5137
5166
5736
5138
5167
5737
5139
5168
5738
5140
5169
5739
5141
5170
5740
5142
5171
5741
5143
5172
5742
5144
5173
5743
5145
5174
5744
5146
5175
5745
5147
5176
5746
5148
5177
5747
5149
5178
5748
5150
5179
5749
5151
5180
5750
5152
5181
5751
5153
5182
5752
5154
5183
5753
5155
5184
5754
5156
5185
5755
5157
5186
5756
5158
5187
5757
5159
5188
5758
5189
5759
5161
5190
5760
5162
5191
5761
5163
5192
5762
5164
5193
5763
5165
5194
5764
5166
5195
5765
5167
5196
5766
5168
5197
5767
5169
5198
5768
5170
5199
5769
5171
5200
5770
5172
5201
5771
5173
5202
5772
5174
5203
5773
5175
5204
5774
5176
5205
5775
5177
5206
5776
5178
5207
5777
5179
5208
5778
5180
5209
5779
5181
5210
5780
5182
5211
5781
5183
5212
5782
5184
5213
5783
5185
5214
5784
5186
5215
5785
5187
5216
5786
5188
5217
5787
5189
5218
5788
5219
5789
5191
5220
5790
5192
5221
5791
5193
5222
5792
5194
5223
5793
5195
5224
5794
5196
5225
5795
5197
5226
5796
5198
5227
5797
5199
5228
5798
5200
5229
5799
5201
5230
5800
5202
5231
5801
5203
5232
5802
5204
5233
5803
5205
5234
5804
5206
5235
5805
5207
5236
5806
5208
5237
5807
5209
5238
5808
5210
5239
5809
5211
5240
5810
5212
5241
5811
5213
5242
5812
5214
5243
5813
5215
5244
5814
5216
5245
5815
5217
5246
5816
5218
5247
5817
5219
5248
5818
5249
5819
5221
5250
5820
5222
5251
5821
5223
5252
5822
5224
5253
5823
5225
5254
5824
5226
5255
5825
5227
5256
5826
5228
5257
5827
5229
5258
5828
5230
5259
5829
5231
5260
5830
5232
5261
5831
5233
5262
5832
5234
5263
5833
5235
5264
5834
5236
5265
5835
5237
5266
5836
5238
5267
5837
5239
5268
5838
5240
5269
5839
5241
5270
5840
5242
5271
5841
5243
5272
5842
5244
5273
5843
5245
5274
5844
5246
5275
5845
5247
5276
5846
5248
5277
5847
5249
5278
5848
5279
5849
5251
5280
5850
5252
5281
5851
5253
5282
5852
5254
5283
5853
5255
5284
5854
5256
5285
5855
5257
5286
5856
5258
5287
5857
5259
5288
5858
5260
5289
5859
5261
5290
5860
5262
5291
5861
5263
5292
5862
5264
5293
5863
5265
5294
5864
5266
5295
5865
5267
5296
5866
5268
5297
5867
5269
5298
5868
5270
5299
5869
5271
5300
5870
5272
5301
5871
5273
5302
5872
5274
5303
5873
5275
5304
5874
5276
5305
5875
5277
5306
5876
5278
5307
5877
5279
5308
5878
5309
5879
5281
5310
5880
5282
5311
5881
5283
5312
5882
5284
5313
5883
5285
5314
5884
5286
5315
5885
5287
5316
5886
5288
5317
5887
5289
5318
5888
5290
5319
5889
5291
5320
5890
5292
5321
5891
5293
5322
5892
5294
5323
5893
5295
5324
5894
5296
5325
5895
5297
5326
5896
5298
5327
5897
5299
5328
5898
5300
5329
5899
5301
5330
5900
5302
5331
5901
5303
5332
5902
5304
5333
5903
5305
5334
5904
5306
5335
5905
5307
5336
5906
5308
5337
5907
5309
5338
5908
5339
5909
5311
5340
5910
5312
5341
5911
5313
5342
5912
5314
5343
5913
5315
5344
5914
5316
5345
5915
5317
5346
5916
5318
5347
5917
5319
5348
5918
5320
5349
5919
5321
5350
5920
5322
5351
5921
5323
5352
5922
5324
5353
5923
5325
5354
5924
5326
5355
5925
5327
5356
5926
5328
5357
5927
5329
5358
5928
5330
5359
5929
5331
5360
5930
5332
5361
5931
5333
5362
5932
5334
5363
5933
5335
5364
5934
5336
5365
5935
5337
5366
5936
5338
5367
5937
5339
5368
5938
5369
5939
5341
5370
5940
5342
5371
5941
5343
5372
5942
5344
5373
5943
5345
5374
5944
5346
5375
5945
5347
5376
5946
5348
5377
5947
5349
5378
5948
5350
5379
5949
5351
5380
5950
5352
5381
5951
5353
5382
5952
5354
5383
5953
5355
5384
5954
5356
5385
5955
5357
5386
5956
5358
5387
5957
5359
5388
5958
5360
5389
5959
5361
5390
5960
5362
5391
5961
5363
5392
5962
5364
5393
5963
5365
5394
5964
5366
5395
5965
5367
5396
5966
5368
5397
5967
5369
5398
5968
5399
5969
5371
5970
5372
5971
5373
5972
5374
5973
5375
5974
5376
5975
5377
5976
5378
5977
5379
5978
5380
5979
5381
5980
5382
5981
5383
5982
5384
5983
5385
5984
5386
5985
5387
5986
5388
5987
5389
5988
5390
5989
5391
5990
5392
5991
5393
5992
5394
5993
5395
5994
5396
5995
5397
5996
5398
5997
5399
5998
5999
5401
5430
5402
5431
5403
5432
5404
5433
5405
5434
5406
5435
5407
5436
5408
5437
5409
5438
5410
5439
5411
5440
5412
5441
5413
5442
5414
5443
5415
5444
5416
5445
5417
5446
5418
5447
5419
5448
5420
5449
5421
5450
5422
5451
5423
5452
5424
5453
5425
5454
5426
5455
5427
5456
5428
5457
5429
5458
5459
5431
5460
5432
5461
5433
5462
5434
5463
5435
5464
5436
5465
5437
5466
5438
5467
5439
5468
5440
5469
5441
5470
5442
5471
5443
5472
5444
5473
5445
5474
5446
5475
5447
5476
5448
5477
5449
5478
5450
5479
5451
5480
5452
5481
5453
5482
5454
5483
5455
5484
5456
5485
5457
5486
5458
5487
5459
5488
5489
5461
5490
5462
5491
5463
5492
5464
5493
5465
5494
5466
5495
5467
5496
5468
5497
5469
5498
5470
5499
5471
5500
5472
5501
5473
5502
5474
5503
5475
5504
5476
5505
5477
5506
5478
5507
5479
5508
5480
5509
5481
5510
5482
5511
5483
5512
5484
5513
5485
5514
5486
5515
5487
5516
5488
5517
5489
5518
5519
5491
5520
5492
5521
5493
5522
5494
5523
5495
5524
5496
5525
5497
5526
5498
5527
5499
5528
5500
5529
5501
5530
5502
5531
5503
5532
5504
5533
5505
5534
5506
5535
5507
5536
5508
5537
5509
5538
5510
5539
5511
5540
5512
5541
5513
5542
5514
5543
5515
5544
5516
5545
5517
5546
5518
5547
5519
5548
5549
5521
5550
5522
5551
5523
5552
5524
5553
5525
5554
5526
5555
5527
5556
5528
5557
5529
5558
5530
5559
5531
5560
5532
5561
5533
5562
5534
5563
5535
5564
5536
5565
5537
5566
5538
5567
5539
5568
5540
5569
5541
5570
5542
5571
5543
5572
5544
5573
5545
5574
5546
5575
5547
5576
5548
5577
5549
5578
5579
5551
5580
5552
5581
5553
5582
5554
5583
5555
5584
5556
5585
5557
5586
5558
5587
5559
5588
5560
5589
5561
5590
5562
5591
5563
5592
5564
5593
5565
5594
5566
5595
5567
5596
5568
5597
5569
5598
5570
5599
5571
5600
5572
5601
5573
5602
5574
5603
5575
5604
5576
5605
5577
5606
5578
5607
5579
5608
5609
5581
5610
5582
5611
5583
5612
5584
5613
5585
5614
5586
5615
5587
5616
5588
5617
5589
5618
5590
5619
5591
5620
5592
5621
5593
5622
5594
5623
5595
5624
5596
5625
5597
5626
5598
5627
5599
5628
5600
5629
5601
5630
5602
5631
5603
5632
5604
5633
5605
5634
5606
5635
5607
5636
5608
5637
5609
5638
5639
5611
5640
5612
5641
5613
5642
5614
5643
5615
5644
5616
5645
5617
5646
5618
5647
5619
5648
5620
5649
5621
5650
5622
5651
5623
5652
5624
5653
5625
5654
5626
5655
5627
5656
5628
5657
5629
5658
5630
5659
5631
5660
5632
5661
5633
5662
5634
5663
5635
5664
5636
5665
5637
5666
5638
5667
5639
5668
5669
5641
5670
5642
5671
5643
5672
5644
5673
5645
5674
5646
5675
5647
5676
5648
5677
5649
5678
5650
5679
5651
5680
5652
5681
5653
5682
5654
5683
5655
5684
5656
5685
5657
5686
5658
5687
5659
5688
5660
5689
5661
5690
5662
5691
5663
5692
5664
5693
5665
5694
5666
5695
5667
5696
5668
5697
5669
5698
5699
5671
5700
5672
5701
5673
5702
5674
5703
5675
5704
5676
5705
5677
5706
5678
5707
5679
5708
5680
5709
5681
5710
5682
5711
5683
5712
5684
5713
5685
5714
5686
5715
5687
5716
5688
5717
5689
5718
5690
5719
5691
5720
5692
5721
5693
5722
5694
5723
5695
5724
5696
5725
5697
5726
5698
5727
5699
5728
5729
5701
5730
5702
5731
5703
5732
5704
5733
5705
5734
5706
5735
5707
5736
5708
5737
5709
5738
5710
5739
5711
5740
5712
5741
5713
5742
5714
5743
5715
5744
5716
5745
5717
5746
5718
5747
5719
5748
5720
5749
5721
5750
5722
5751
5723
5752
5724
5753
5725
5754
5726
5755
5727
5756
5728
5757
5729
5758
5759
5731
5760
5732
5761
5733
5762
5734
5763
5735
5764
5736
5765
5737
5766
5738
5767
5739
5768
5740
5769
5741
5770
5742
5771
5743
5772
5744
5773
5745
5774
5746
5775
5747
5776
5748
5777
5749
5778
5750
5779
5751
5780
5752
5781
5753
5782
5754
5783
5755
5784
5756
5785
5757
5786
5758
5787
5759
5788
5789
5761
5790
5762
5791
5763
5792
5764
5793
5765
5794
5766
5795
5767
5796
5768
5797
5769
5798
5770
5799
5771
5800
5772
5801
5773
5802
5774
5803
5775
5804
5776
5805
5777
5806
5778
5807
5779
5808
5780
5809
5781
5810
5782
5811
5783
5812
5784
5813
5785
5814
5786
5815
5787
5816
5788
5817
5789
5818
5819
5791
5820
5792
5821
5793
5822
5794
5823
5795
5824
5796
5825
5797
5826
5798
5827
5799
5828
5800
5829
5801
5830
5802
5831
5803
5832
5804
5833
5805
5834
5806
5835
5807
5836
5808
5837
5809
5838
5810
5839
5811
5840
5812
5841
5813
5842
5814
5843
5815
5844
5816
5845
5817
5846
5818
5847
5819
5848
5849
5821
5850
5822
5851
5823
5852
5824
5853
5825
5854
5826
5855
5827
5856
5828
5857
5829
5858
5830
5859
5831
5860
5832
5861
5833
5862
5834
5863
5835
5864
5836
5865
5837
5866
5838
5867
5839
5868
5840
5869
5841
5870
5842
5871
5843
5872
5844
5873
5845
5874
5846
5875
5847
5876
5848
5877
5849
5878
5879
5851
5880
5852
5881
5853
5882
5854
5883
5855
5884
5856
5885
5857
5886
5858
5887
5859
5888
5860
5889
5861
5890
5862
5891
5863
5892
5864
5893
5865
5894
5866
5895
5867
5896
5868
5897
5869
5898
5870
5899
5871
5900
5872
5901
5873
5902
5874
5903
5875
5904
5876
5905
5877
5906
5878
5907
5879
5908
5909
5881
5910
5882
5911
5883
5912
5884
5913
5885
5914
5886
5915
5887
5916
5888
5917
5889
5918
5890
5919
5891
5920
5892
5921
5893
5922
5894
5923
5895
5924
5896
5925
5897
5926
5898
5927
5899
5928
5900
5929
5901
5930
5902
5931
5903
5932
5904
5933
5905
5934
5906
5935
5907
5936
5908
5937
5909
5938
5939
5911
5940
5912
5941
5913
5942
5914
5943
5915
5944
5916
5945
5917
5946
5918
5947
5919
5948
5920
5949
5921
5950
5922
5951
5923
5952
5924
5953
5925
5954
5926
5955
5927
5956
5928
5957
5929
5958
5930
5959
5931
5960
5932
5961
5933
5962
5934
5963
5935
5964
5936
5965
5937
5966
5938
5967
5939
5968
5969
5941
5970
5942
5971
5943
5972
5944
5973
5945
5974
5946
5975
5947
5976
5948
5977
5949
5978
5950
5979
5951
5980
5952
5981
5953
5982
5954
5983
5955
5984
5956
5985
5957
5986
5958
5987
5959
5988
5960
5989
5961
5990
5962
5991
5963
5992
5964
5993
5965
5994
5966
5995
5967
5996
5968
5997
5969
5998
5999
5971
5972
5973
5974
5975
5976
5977
5978
5979
5980
5981
5982
5983
5984
5985
5986
5987
5988
5989
5990
5991
5992
5993
5994
5995
5996
5997
5998
5999
)


// ************************************************************************* //
