/*--------------------------------*- C++ -*----------------------------------*\
  =========                 |
  \\      /  F ield         | OpenFOAM: The Open Source CFD Toolbox
   \\    /   O peration     | Website:  https://openfoam.org
    \\  /    A nd           | Version:  9
     \\/     M anipulation  |
\*---------------------------------------------------------------------------*/
FoamFile
{
    format      binary;
    class       cellSet;
    location    "constant/polyMesh/sets";
    object      protectedCells;
}
// * * * * * * * * * * * * * * * * * * * * * * * * * * * * * * * * * * * * * //


2880
(
8196 
8197 
8203 
8204 
8215 
8217 
12314 
8219 
8220 
8221 
12318 
12319 
8223 
8225 
12322 
8226 
12324 
12327 
8232 
12329 
8233 
12332 
8249 
8250 
8256 
8257 
8268 
8270 
8272 
8273 
8274 
8276 
8278 
8279 
8285 
8286 
20584 
20588 
20589 
8302 
20591 
8303 
20595 
8309 
8310 
20599 
20601 
20602 
12411 
20606 
12415 
12416 
8321 
20610 
12419 
8323 
20612 
20613 
12421 
8325 
8326 
8327 
12424 
20617 
8329 
12426 
8331 
8332 
20621 
12429 
20623 
20624 
8338 
8339 
8355 
8356 
8362 
8363 
8374 
8376 
8378 
8379 
8380 
8382 
8384 
8385 
8391 
8392 
8408 
8409 
16602 
12508 
16606 
8415 
12512 
8416 
12513 
12516 
16614 
12518 
16615 
16616 
16617 
12521 
12523 
8427 
16621 
8429 
12526 
16623 
8431 
8432 
8433 
16627 
8435 
8437 
8438 
16631 
8444 
8445 
16639 
16640 
16641 
16642 
16646 
16648 
20747 
16652 
8461 
8462 
20751 
16655 
20752 
16657 
20754 
16658 
8468 
8469 
20758 
20762 
16666 
16667 
20764 
20765 
16671 
8480 
20769 
16673 
8482 
16675 
16676 
8484 
20773 
8485 
8486 
20775 
20776 
16680 
8488 
8490 
16683 
8491 
20780 
20784 
8497 
20786 
8498 
20787 
16691 
16692 
16696 
16698 
16700 
16701 
16702 
16703 
16706 
8514 
8515 
16708 
16710 
16713 
8521 
8522 
16716 
16720 
16721 
16723 
8533 
8535 
16728 
8537 
16730 
8538 
8539 
16732 
8541 
16735 
8543 
8544 
16739 
8550 
16743 
8551 
16751 
16752 
16753 
16754 
16758 
8567 
8568 
16761 
16762 
16763 
16766 
8574 
8575 
16769 
16771 
16772 
8586 
16780 
8588 
16781 
8590 
8591 
8592 
16785 
8594 
16787 
8596 
16789 
8597 
16790 
16794 
8603 
8604 
16797 
16805 
16806 
16810 
16812 
20910 
16814 
16815 
20914 
20915 
16819 
20917 
16822 
20921 
20925 
16830 
20927 
16831 
20928 
16835 
20932 
16838 
16839 
20936 
16840 
20938 
20939 
16843 
20943 
16847 
20947 
20949 
20950 
16855 
16856 
16857 
16858 
16862 
16864 
16869 
16871 
16873 
16874 
16885 
16888 
16889 
16890 
16891 
16892 
16896 
16899 
16907 
16908 
16912 
16914 
16916 
16917 
16918 
16919 
16922 
16924 
16926 
16929 
16932 
16936 
16937 
16939 
16944 
16946 
16948 
16951 
16955 
16959 
16967 
16968 
16969 
16970 
16974 
21073 
16977 
16978 
16979 
21077 
21078 
16983 
21080 
16985 
16987 
21084 
16988 
21088 
21090 
21091 
21095 
16999 
17002 
21099 
17003 
17004 
21101 
17005 
21102 
17006 
21106 
17010 
17013 
21110 
21112 
21113 
17021 
17022 
17026 
17028 
17030 
17031 
17035 
17038 
17046 
17047 
17051 
17054 
17055 
17056 
17059 
17063 
17071 
17072 
17073 
17074 
17078 
17080 
17085 
17087 
17089 
17090 
17101 
17104 
17105 
17106 
17107 
17108 
17112 
17115 
17123 
17124 
17128 
17130 
17132 
17133 
17134 
17135 
17138 
21236 
17140 
17142 
21240 
21241 
17145 
21243 
17148 
21247 
17152 
17153 
21251 
17155 
21253 
21254 
17160 
21258 
17162 
17164 
21262 
17167 
21264 
21265 
17171 
13075 
21269 
17175 
13079 
21273 
13081 
13082 
21275 
21276 
17183 
13087 
17184 
17185 
17186 
13091 
17190 
17193 
17194 
17195 
13099 
13100 
13101 
13102 
17199 
17201 
13106 
17203 
17204 
13108 
17215 
17218 
17219 
17220 
17221 
17222 
17226 
17229 
13139 
4947 
17237 
4949 
17238 
13143 
13145 
9049 
17242 
13146 
9051 
17244 
17246 
17247 
13152 
17251 
13155 
17254 
4969 
13163 
4971 
13164 
9068 
17262 
9070 
17263 
13168 
17267 
13171 
13172 
13173 
17270 
17271 
17272 
17275 
17279 
9087 
4991 
9089 
4993 
17287 
17288 
17289 
17290 
17294 
17296 
9106 
13203 
9108 
17301 
5013 
21399 
17303 
13207 
5015 
17305 
13209 
17306 
13210 
21403 
21404 
21406 
13216 
21410 
13219 
17317 
9125 
21414 
9127 
21416 
17320 
21417 
17321 
17322 
17323 
13227 
5035 
17324 
13228 
21421 
5037 
17328 
13232 
21425 
21427 
17331 
13235 
21428 
13236 
13237 
21432 
9144 
9146 
17339 
21436 
17340 
21438 
21439 
17344 
5057 
17346 
5059 
17348 
17349 
17350 
17351 
17354 
9163 
17356 
9165 
17358 
17361 
13267 
17364 
13271 
5079 
17368 
17369 
13273 
5081 
13274 
17371 
9182 
17376 
13280 
9184 
17378 
13283 
17380 
17383 
17387 
13291 
13292 
5101 
17391 
5103 
13296 
9201 
13299 
9203 
13300 
13301 
17399 
17400 
17401 
17402 
17406 
17409 
17410 
17411 
5123 
9220 
5125 
9222 
17415 
17417 
17419 
17420 
9230 
9233 
13331 
9235 
9238 
17431 
13335 
9240 
13337 
5145 
17434 
13338 
17435 
9243 
5147 
17436 
17437 
9245 
17438 
13344 
9248 
17442 
9250 
13347 
17445 
9253 
9255 
5161 
9258 
5162 
13355 
13356 
9260 
17453 
17454 
9263 
13360 
9265 
17458 
13363 
5171 
17460 
13364 
9268 
5172 
13365 
17462 
9270 
17463 
9273 
21562 
17467 
9275 
5181 
21566 
17470 
9278 
5182 
21567 
21569 
21573 
17478 
17479 
5191 
5192 
21577 
21579 
17483 
21580 
17486 
17487 
21584 
17488 
5201 
5202 
17491 
13395 
21588 
21590 
21591 
17495 
13399 
13401 
13402 
21595 
5211 
5212 
21599 
17503 
17504 
13408 
21601 
17505 
21602 
17506 
13411 
5221 
17510 
5222 
17512 
13419 
13420 
17517 
17519 
5231 
13424 
5232 
17521 
17522 
13427 
13428 
13429 
5241 
5242 
17533 
17536 
17537 
17538 
17539 
5251 
17540 
5252 
17544 
17547 
17555 
13459 
17556 
13463 
17560 
13465 
17562 
13466 
17564 
17565 
17566 
17567 
13472 
17570 
13475 
17572 
17574 
17577 
13483 
17580 
13484 
17584 
13488 
17585 
17587 
13491 
13492 
13493 
17592 
17594 
17596 
17599 
17603 
17607 
17615 
17616 
17617 
17618 
13523 
17622 
13527 
17625 
13529 
17626 
13530 
17627 
21725 
5342 
17631 
5343 
13536 
21729 
17633 
21730 
17635 
13539 
21732 
17636 
21736 
13547 
21740 
13548 
21742 
21743 
17647 
13552 
17650 
21747 
17651 
13555 
5363 
17652 
13556 
5364 
17653 
13557 
17654 
21751 
21753 
21754 
17658 
17661 
21758 
21762 
21764 
21765 
17669 
17670 
5384 
5385 
17674 
17676 
17678 
17679 
17683 
13587 
17686 
13591 
13593 
13594 
5405 
17694 
5406 
17695 
13600 
17699 
13603 
17702 
17703 
17704 
17707 
13611 
13612 
17711 
13616 
5426 
13619 
5427 
13620 
13621 
17719 
17720 
17721 
17722 
17726 
17728 
17733 
17735 
5447 
5448 
17737 
17738 
13651 
17749 
13655 
17752 
17753 
13657 
17754 
13658 
17755 
17756 
5468 
5469 
17760 
13664 
17763 
13667 
17771 
13675 
17772 
13676 
17776 
13680 
5489 
17778 
5490 
13683 
17780 
13684 
17781 
13685 
17782 
17783 
17786 
17788 
17790 
21888 
17793 
21892 
17796 
21893 
13701 
5510 
21895 
13703 
5511 
17800 
17801 
13706 
21899 
17803 
13709 
21903 
17808 
21905 
21906 
17810 
17812 
21910 
17815 
21914 
17819 
5531 
21916 
5532 
21917 
13726 
17823 
13728 
21921 
13731 
21925 
13734 
21927 
17831 
21928 
17832 
17833 
17834 
17838 
17841 
17842 
17843 
17847 
13751 
17849 
13753 
17851 
17852 
13756 
13759 
17863 
17866 
17867 
17868 
17869 
17870 
13776 
17874 
13778 
17877 
13781 
13784 
21980 
21981 
17885 
17886 
21983 
17890 
21987 
17892 
17894 
17895 
13801 
17899 
13803 
21996 
21997 
21998 
17902 
13806 
21999 
13809 
22002 
22005 
17910 
22007 
17911 
22008 
22010 
17915 
22013 
17918 
17919 
22016 
17920 
22017 
13826 
17923 
13828 
17927 
13831 
22025 
22026 
13834 
22029 
22031 
17935 
17936 
17937 
17938 
22035 
22038 
17942 
17944 
22041 
22042 
13851 
17949 
13853 
17951 
13856 
17953 
22050 
17954 
22051 
13859 
22054 
22056 
22060 
17965 
22063 
17968 
17969 
22066 
17970 
22067 
17971 
17972 
13876 
13878 
22071 
17976 
22073 
13881 
17979 
22076 
13884 
22079 
22082 
17987 
17988 
22085 
22087 
17992 
22089 
17994 
17996 
22093 
17997 
13901 
17998 
22095 
17999 
13903 
22098 
18002 
13906 
18004 
22101 
13909 
18006 
22104 
18009 
22107 
18012 
22110 
22111 
18016 
18017 
18019 
13926 
22119 
22120 
18024 
13928 
18026 
22123 
13931 
18028 
22125 
13934 
18031 
22128 
22129 
22131 
18035 
22135 
18039 
18047 
22144 
18048 
22145 
18049 
22146 
18050 
22147 
22150 
18054 
22152 
18057 
18058 
18059 
22156 
22159 
18063 
18065 
22162 
22163 
18067 
18068 
22171 
22172 
22175 
18079 
22177 
18082 
18083 
18084 
22181 
18085 
18086 
22184 
18090 
22187 
22188 
18093 
22196 
22197 
18101 
18102 
22200 
22202 
18106 
18108 
22205 
22206 
18110 
18111 
22208 
18115 
22212 
18118 
22221 
22222 
18126 
22223 
18127 
22224 
22227 
18131 
22230 
18134 
18135 
22232 
18136 
22233 
18139 
9947 
22236 
9949 
22238 
18143 
9952 
22241 
9953 
22242 
9957 
18151 
9959 
18152 
18153 
18154 
22252 
18158 
22255 
18160 
22257 
22258 
22260 
18165 
22263 
18167 
18169 
22266 
18170 
22267 
22275 
22276 
18181 
22279 
18184 
22281 
18185 
18186 
18187 
18188 
22285 
22288 
18192 
22291 
18195 
22292 
22296 
22298 
18203 
18204 
22301 
22304 
18208 
18210 
22307 
18212 
18213 
22310 
18214 
18215 
22312 
22314 
18218 
18220 
22318 
18222 
22320 
10032 
18225 
10034 
22323 
18228 
10037 
22326 
10038 
18232 
22329 
18233 
10042 
18235 
22332 
10044 
22335 
22336 
18240 
18242 
18244 
18247 
22344 
22345 
18251 
22348 
22350 
18255 
22353 
22354 
22356 
18263 
22360 
18264 
18265 
18266 
18270 
14175 
22369 
18273 
22370 
18274 
14178 
22371 
18275 
22372 
14181 
14182 
22375 
18279 
22377 
18281 
18283 
18284 
22382 
14190 
14191 
22384 
14194 
22387 
22388 
14196 
18295 
14199 
14200 
18298 
18299 
18300 
18301 
22398 
18302 
22400 
18306 
22403 
22404 
18309 
10117 
22406 
10119 
22409 
10122 
10123 
22412 
22413 
18317 
18318 
14223 
10127 
10129 
18322 
14226 
18324 
22421 
14229 
22422 
18326 
14230 
18327 
22425 
22427 
18331 
22430 
18334 
14238 
22431 
14239 
22433 
14242 
22437 
14245 
18342 
18343 
14247 
14248 
18347 
22446 
18350 
22447 
18351 
22448 
18352 
22449 
18355 
22452 
22455 
18359 
22457 
22458 
22461 
22463 
18367 
14271 
18368 
18369 
22466 
18370 
14274 
22467 
14277 
18374 
14278 
18376 
22477 
18381 
14286 
18383 
14287 
22480 
18385 
22482 
18386 
14290 
22483 
22485 
14293 
14295 
22488 
14296 
10202 
22491 
22492 
10204 
18397 
10207 
18400 
10208 
18401 
18402 
18403 
22500 
18404 
10212 
22501 
10214 
22504 
18408 
22506 
18411 
22510 
14319 
22513 
14322 
18419 
22516 
18420 
22517 
14325 
14326 
18424 
22521 
18426 
22523 
18428 
18429 
22526 
18430 
14334 
18431 
14335 
22529 
18434 
14338 
22532 
18436 
14341 
18438 
22535 
14343 
14344 
22537 
18441 
22539 
18444 
22543 
18448 
22545 
18449 
18451 
22548 
22551 
18456 
22554 
18458 
18460 
22557 
18463 
14367 
22560 
22561 
14370 
18467 
14373 
14374 
18471 
22569 
22570 
22573 
14382 
22575 
18479 
14383 
10287 
18480 
18481 
10289 
22578 
18482 
14386 
22579 
10292 
22581 
14389 
10293 
18486 
14391 
14392 
22585 
18489 
10297 
18490 
18491 
10299 
18495 
18497 
22594 
22595 
18499 
22596 
18500 
22597 
22600 
22602 
22607 
18511 
14415 
22609 
18514 
14418 
18515 
22612 
18516 
22613 
18517 
14421 
18518 
14422 
18522 
18525 
14430 
22623 
14431 
22625 
14434 
22628 
22629 
18533 
14437 
18534 
22631 
14439 
14440 
22634 
18538 
18540 
22637 
22638 
18542 
18543 
18547 
22646 
18550 
22647 
22650 
22652 
18558 
22655 
18559 
14463 
22656 
22658 
14466 
18563 
10372 
14469 
22662 
18566 
14470 
10374 
18567 
18568 
10377 
10378 
18571 
14478 
10382 
22671 
18575 
14479 
22672 
10384 
22673 
22674 
14482 
22677 
14485 
18583 
14487 
22680 
18584 
14488 
18585 
22682 
18586 
22683 
22686 
18590 
22688 
18592 
22691 
22692 
18597 
18599 
18601 
18602 
22702 
14511 
22705 
14514 
22707 
22708 
18613 
14517 
22710 
14518 
18616 
22713 
18617 
18618 
18619 
22716 
18620 
22717 
14526 
18623 
14527 
14530 
18627 
22725 
14533 
22726 
14535 
14536 
22729 
22731 
18635 
18636 
18637 
18638 
22735 
22738 
18642 
18644 
22741 
22742 
18646 
18647 
10457 
22746 
18650 
10459 
22748 
18652 
18654 
10462 
22751 
14559 
10463 
18657 
22754 
14562 
10467 
18660 
22757 
14565 
10469 
14566 
22760 
18664 
18665 
22762 
18667 
22764 
14574 
14575 
22768 
18672 
22770 
18674 
14578 
18676 
22773 
14581 
18679 
14583 
22776 
14584 
22779 
18683 
6395 
6396 
22782 
18687 
22785 
22786 
6402 
6403 
6405 
6406 
18695 
6407 
18696 
18697 
6409 
22794 
18698 
22795 
6411 
6412 
22798 
18702 
14607 
22800 
18704 
18706 
14610 
6418 
22803 
18707 
6419 
22804 
14613 
22806 
14614 
18711 
18713 
6425 
22810 
6426 
18715 
18716 
14622 
14623 
14626 
22819 
22820 
22821 
14629 
22822 
18727 
14631 
14632 
22825 
18730 
22827 
18731 
18732 
18733 
18734 
10542 
6447 
22832 
10544 
6448 
18737 
22834 
10547 
10548 
22837 
18741 
22838 
6454 
6455 
10552 
6457 
10554 
6458 
6459 
18749 
6461 
18750 
18751 
6463 
22848 
18752 
6464 
22850 
18756 
22853 
22854 
18758 
6470 
6471 
22856 
22859 
6477 
22862 
6478 
22863 
22871 
22872 
22875 
22877 
22880 
22881 
22883 
6499 
6500 
22887 
6506 
6507 
6509 
6510 
6511 
22896 
22897 
6513 
22898 
22899 
6515 
6516 
22902 
22905 
6522 
22907 
6523 
22908 
22911 
22913 
6529 
6530 
10627 
22916 
22917 
10629 
10632 
10633 
10637 
22927 
18831 
10639 
18833 
22930 
22932 
18836 
22933 
22935 
18839 
6551 
6552 
22938 
18842 
22941 
18845 
22942 
6558 
18847 
6559 
6561 
18850 
6562 
6563 
18853 
6565 
22950 
22951 
18855 
6567 
6568 
22954 
18858 
22956 
18861 
6574 
6575 
22960 
22963 
6581 
22966 
6582 
22967 
22971 
22973 
22976 
22979 
22982 
22985 
22987 
6603 
6604 
22989 
22993 
6610 
22995 
6611 
6613 
22998 
6614 
6615 
10712 
23001 
6617 
10714 
6619 
23004 
6620 
10717 
10718 
23007 
23010 
10722 
6626 
23011 
6627 
10724 
6633 
6634 
23019 
23020 
23023 
23025 
23028 
23029 
23031 
23035 
6655 
6656 
23044 
23045 
23046 
6662 
23047 
6663 
6665 
23050 
6666 
6667 
23052 
6669 
6671 
6672 
23057 
23059 
23062 
6678 
23063 
10775 
6679 
10777 
10779 
6685 
6686 
10783 
23073 
10785 
23075 
10787 
23078 
23079 
23081 
23084 
18990 
23087 
23088 
18992 
18995 
6707 
6708 
18998 
23096 
23097 
19001 
6714 
6715 
23100 
19004 
6717 
23102 
19006 
6718 
6719 
23105 
19009 
6721 
23106 
10818 
6723 
23108 
19012 
10820 
6724 
19014 
10822 
23112 
19017 
10826 
6730 
6731 
19020 
10828 
10830 
23121 
6737 
23122 
6738 
23123 
23124 
23127 
23130 
23132 
23133 
23136 
23138 
23141 
23142 
6759 
6760 
10861 
6766 
10863 
6767 
23152 
10865 
6769 
6770 
23155 
6771 
23157 
10869 
6773 
23158 
10871 
6775 
23160 
6776 
10873 
23163 
23166 
6782 
23167 
6783 
6789 
6790 
23175 
23176 
23179 
23181 
23185 
23188 
23191 
23192 
10904 
10906 
6811 
23196 
10908 
6812 
23198 
10912 
23201 
10914 
6818 
6819 
23204 
10916 
6821 
6822 
23207 
6823 
6825 
23210 
6827 
23212 
6828 
23214 
23218 
6834 
6835 
23220 
23223 
6841 
23226 
6842 
23229 
23232 
23235 
10947 
23236 
10949 
10951 
10955 
23244 
23245 
19149 
10957 
19151 
10959 
6863 
23248 
6864 
23250 
19154 
23253 
19157 
23254 
6870 
6871 
23256 
19160 
6873 
6874 
19163 
6875 
23260 
19165 
6877 
6879 
19168 
6880 
19171 
23269 
19173 
23270 
6886 
23271 
6887 
23272 
19176 
23275 
19179 
23277 
6893 
10990 
6894 
10992 
23282 
10994 
23284 
10998 
23287 
23288 
11000 
11002 
23298 
23300 
23303 
23304 
23306 
23309 
23312 
23313 
6929 
6930 
6932 
6933 
6935 
6936 
23321 
11033 
23322 
11035 
23325 
11037 
23327 
11041 
23330 
23331 
11043 
23333 
11045 
23337 
23346 
23347 
23348 
23349 
23352 
23355 
23357 
23358 
23361 
23363 
11076 
23366 
11078 
23367 
11080 
6987 
11084 
6988 
11086 
6990 
6991 
11088 
23377 
6993 
6994 
23380 
23382 
23383 
23385 
23388 
23391 
23392 
23400 
23401 
23404 
19308 
23406 
19310 
11119 
19313 
11121 
23410 
11123 
19316 
23413 
19319 
11127 
23416 
23417 
11129 
19322 
11131 
19324 
23421 
23423 
19327 
23426 
19330 
19332 
23429 
7045 
7046 
19335 
23432 
7048 
7049 
19338 
23435 
7051 
7052 
23437 
23439 
23443 
23445 
23448 
11162 
23451 
11164 
23454 
11166 
23457 
11170 
23460 
11172 
23461 
11174 
23469 
23470 
23473 
23475 
23478 
23479 
23481 
23485 
7103 
7104 
7106 
7107 
11205 
7109 
23494 
7110 
23495 
11207 
23496 
23497 
11211 
23500 
11213 
23502 
11215 
11218 
23507 
23509 
11221 
11223 
23512 
23513 
23523 
23525 
23528 
23529 
23531 
23534 
11246 
11248 
23537 
23538 
11252 
11254 
11256 
7161 
23546 
7162 
23547 
11259 
7164 
7165 
23550 
11262 
7167 
23552 
11264 
7168 
23555 
23556 
23558 
23562 
19467 
19469 
19472 
23571 
19475 
23572 
23573 
23574 
19478 
11287 
23577 
19481 
11289 
19483 
23580 
11293 
23582 
19486 
23583 
11295 
19489 
11297 
23586 
19491 
23588 
11300 
19494 
23591 
11303 
23592 
19497 
11305 
23602 
7219 
7220 
23605 
7222 
23607 
7223 
23608 
7225 
23610 
7226 
23613 
23616 
11328 
23617 
11330 
11334 
11336 
23625 
23626 
11338 
23629 
11341 
23631 
11344 
11346 
23635 
23638 
23641 
23642 
23646 
23648 
23651 
23654 
23657 
11369 
11371 
23660 
7277 
23662 
7278 
11375 
23664 
7280 
11377 
7281 
11379 
7283 
23668 
7284 
23670 
11382 
23673 
11385 
11387 
23676 
23679 
23682 
23685 
23686 
23694 
23695 
23698 
11410 
23700 
11412 
23703 
23704 
11416 
23706 
11418 
11420 
23710 
11423 
11426 
11428 
23719 
7335 
23720 
7336 
23721 
23722 
19626 
7338 
7339 
19628 
23725 
7341 
7342 
23727 
19631 
19634 
23732 
19637 
23734 
19640 
23737 
23738 
19642 
11451 
19645 
11453 
19648 
11457 
19650 
11459 
23748 
19653 
11461 
23750 
19656 
11464 
23753 
23754 
11467 
23756 
11469 
23759 
23762 
23763 
23771 
23772 
23775 
23777 
7393 
7394 
23780 
11492 
7396 
23781 
7397 
11494 
23783 
7399 
7400 
11498 
23787 
11500 
11502 
11505 
23796 
11508 
23797 
23798 
11510 
23799 
23802 
23805 
23807 
23808 
23811 
23813 
23816 
23817 
11533 
11535 
23827 
11539 
11541 
23830 
11543 
23832 
23833 
11546 
23835 
7451 
7452 
11549 
23838 
7454 
11551 
7455 
23841 
7457 
23842 
7458 
23850 
23851 
23854 
23856 
23860 
11574 
23863 
11576 
23866 
23867 
11580 
11582 
23871 
11584 
23873 
11587 
23876 
11590 
23879 
11592 
19785 
23882 
19787 
23885 
19790 
23887 
23889 
19793 
19796 
7508 
23893 
7510 
23895 
19799 
7511 
19801 
7513 
23898 
7514 
19804 
7516 
23901 
7517 
19807 
7519 
23904 
19809 
23907 
19812 
23910 
23911 
19815 
23919 
23920 
23923 
11635 
23925 
11639 
23928 
11640 
23929 
23931 
11643 
11645 
23935 
11648 
11650 
11653 
23944 
23945 
23946 
23947 
23950 
23952 
7569 
7571 
7572 
23957 
7574 
23959 
7575 
7577 
23962 
7578 
23963 
7580 
23973 
23975 
23978 
23979 
23981 
23984 
23987 
23988 
23996 
23997 
24000 
24002 
24005 
24006 
24008 
24012 
7630 
7632 
7633 
7635 
11732 
7636 
24021 
24022 
7638 
24023 
7639 
24024 
11736 
11737 
7641 
24027 
11740 
24029 
11742 
24032 
24033 
11745 
11747 
24036 
24038 
11750 
19944 
24041 
24042 
19946 
19949 
19952 
19955 
24052 
19958 
24055 
19960 
24057 
24058 
19963 
24060 
19966 
24063 
19968 
24066 
24067 
19971 
19974 
24075 
7691 
24076 
7693 
7694 
24079 
7696 
24081 
7697 
7699 
7700 
24085 
7702 
24088 
24091 
24092 
24096 
24098 
24101 
24104 
24107 
24110 
24112 
24114 
11829 
24118 
24120 
11833 
11834 
24123 
11837 
24126 
11839 
24129 
11842 
24132 
11844 
24135 
11847 
24136 
7752 
7754 
7755 
7757 
7758 
24144 
7760 
24145 
7761 
7763 
24148 
24150 
24153 
24154 
24156 
24160 
24169 
24170 
24171 
24172 
24175 
24177 
24182 
24184 
24187 
24188 
7813 
24198 
20103 
7815 
24200 
7816 
20105 
7818 
24203 
7819 
24204 
20108 
7821 
24206 
7822 
20111 
7824 
24209 
20114 
24212 
24213 
20117 
11926 
20119 
20122 
11930 
11931 
24221 
20125 
24222 
11934 
20127 
11936 
24225 
20130 
24227 
11939 
20133 
11941 
11944 
7874 
7876 
7877 
7879 
7880 
7882 
7883 
7885 
12023 
12027 
12028 
12031 
7935 
12033 
7937 
7938 
12036 
7940 
7941 
12038 
7943 
7944 
12041 
7946 
20262 
20264 
20267 
20270 
20273 
20276 
20278 
20281 
20284 
7996 
20286 
7998 
7999 
20289 
8001 
8002 
20292 
8004 
8005 
8007 
12120 
12124 
12125 
12128 
12130 
12133 
12135 
12138 
8057 
8059 
8060 
8062 
8063 
8065 
8066 
8068 
8090 
8091 
8097 
8098 
8109 
8111 
8113 
8114 
8115 
8117 
8119 
8120 
12217 
12221 
12222 
8126 
8127 
12225 
12227 
20421 
12230 
12232 
20425 
20426 
12235 
20428 
8143 
20432 
8144 
20436 
20438 
8150 
20439 
8151 
20443 
20447 
20449 
20450 
8162 
8164 
20454 
8166 
8167 
8168 
20458 
8170 
20460 
8172 
20461 
8173 
8179 
8180 
)

// ************************************************************************* //
